3000
28.865433 80.678572
84.696231 58.372457
79.651576 65.448363
14.376117 54.730233
40.682418 23.900147
56.803370 46.187366
44.137769 28.947797
21.866837 99.346337
98.721381 26.232803
30.179981 74.922193
34.589084 78.240980
91.683876 60.531786
37.874434 58.758479
13.031626 1.272610
57.494371 17.194448
58.453332 44.691851
90.973304 62.541707
18.134806 89.105369
36.389304 65.081192
31.646497 39.210485
81.437117 12.600093
41.372740 82.658600
82.828455 45.666007
67.383502 54.307095
97.332781 57.611258
83.238092 1.262404
40.698387 71.244596
69.397641 4.492520
52.481452 49.537612
22.966481 66.678538
20.706448 80.821015
57.439961 17.272894
88.274523 31.826145
8.080718 33.163319
33.739769 22.572169
87.269672 70.800051
66.540261 83.436502
95.865307 28.568233
68.658834 99.033839
55.731599 31.362837
81.650071 25.604586
95.892883 90.652966
70.556032 99.147924
38.886634 46.111551
39.713160 0.178671
26.796288 26.090257
45.436493 9.334055
75.878881 60.966188
35.775725 39.563835
67.177262 95.859986
87.292161 59.664213
73.333179 55.544459
88.140634 9.695617
20.812701 8.225904
80.786110 42.627897
92.640724 22.396319
58.313869 82.107985
86.618062 72.479566
50.235802 94.640107
40.617955 54.941065
83.774630 21.819053
94.905034 21.819028
43.905765 95.987308
38.850687 54.147541
29.536129 14.171535
54.007079 88.228480
3.822471 56.347119
67.698300 66.839101
24.142451 75.069287
39.924858 78.131984
63.091210 72.754917
41.645640 72.239918
70.157733 6.416462
49.010065 89.778247
72.959192 82.333144
25.577092 46.939843
34.285051 39.780788
86.241849 96.180879
97.323820 88.911158
31.654676 88.753217
34.817056 36.167376
28.981155 96.498543
30.505912 21.999562
41.250608 63.974713
21.405300 91.980187
73.639472 44.159654
6.060253 78.147390
5.763117 53.147462
1.697668 60.211304
22.262247 66.709167
48.232491 54.096735
99.013025 73.731586
52.592137 29.097282
91.662945 47.554279
86.079492 76.149894
24.212479 10.166478
12.753886 93.108678
90.300024 47.520428
17.127790 85.659263
1.931563 30.810398
1.151284 46.310897
82.821827 37.074241
9.512288 71.079849
66.863913 24.566670
30.554632 95.583719
51.355919 41.954226
19.326451 36.183982
2.357207 58.893589
33.893239 53.405905
14.673739 80.110979
84.842194 60.657748
80.773508 65.295157
24.017878 57.167669
28.865487 51.540116
80.823554 2.639853
94.525146 4.610950
48.136022 43.590259
9.142746 41.803875
45.942829 99.596877
12.552876 17.060018
66.190592 75.797797
95.718599 7.457086
76.811903 67.413161
31.970281 37.399244
69.762572 86.417672
44.371193 44.346459
71.908546 88.847063
1.567567 3.344976
39.220697 6.366463
89.208616 17.061265
39.323828 61.514695
75.614236 54.926487
85.711493 99.878599
69.629479 56.906179
94.724007 40.918764
64.274521 79.417278
62.641960 16.838558
2.350296 63.253127
67.242487 84.308882
57.546384 81.217505
87.521563 54.305768
8.527646 55.440614
46.816213 81.482833
55.623016 86.662981
67.666593 39.809385
56.560948 13.682923
98.013030 15.691670
94.966636 88.226614
35.179797 95.109273
68.593580 33.008861
12.591717 35.999168
38.276353 87.235931
79.763196 79.028893
40.956676 0.226606
72.148476 6.932309
85.253289 18.679722
23.217994 16.779583
51.408752 1.441146
6.234173 98.869074
83.972754 12.590831
80.701891 7.142513
8.407720 60.079583
69.346338 21.541851
16.396379 99.928493
31.549212 47.311836
72.849404 50.769816
21.738071 47.950240
9.821342 99.959400
20.283104 53.218246
74.620874 26.677848
40.270646 3.705089
86.283735 23.816563
99.548644 89.198791
26.660153 58.321652
63.013257 97.594804
2.857515 29.518834
2.193815 40.807969
68.108739 92.836987
61.763047 15.921626
61.126390 91.732232
79.112759 30.154781
66.311740 93.059489
16.613341 30.379840
72.464732 72.577004
95.980271 10.091427
88.560644 21.423782
94.471606 38.228666
54.289444 72.482209
39.320875 85.753374
34.792216 67.466799
37.502757 44.501831
52.930842 26.248542
73.159175 11.920402
68.377450 85.729202
62.922045 20.203788
78.173193 9.920645
45.953570 35.762530
95.256909 3.418948
46.636250 51.350288
19.892448 12.527399
90.685413 4.834016
38.619280 2.748312
21.235881 90.816107
11.333487 38.237914
28.424066 83.515698
79.095452 98.628003
78.491841 56.364584
13.979929 1.086480
2.588661 32.384638
60.070723 94.933838
90.922783 18.964565
56.155436 59.355452
57.195739 38.551421
80.886808 22.049373
6.883824 53.040203
99.869996 99.609645
87.767976 18.471360
92.298927 4.539641
39.493427 89.078725
83.706550 47.834196
25.533834 59.005680
43.598903 6.620868
44.162258 91.660819
80.929702 95.455800
46.181589 31.063558
76.086398 51.282453
16.838774 26.570663
6.358986 7.984829
3.485857 63.708661
80.833831 49.691955
56.539304 43.957881
90.543241 62.809396
30.047446 14.557156
93.388642 78.775781
37.709261 65.635561
43.882703 17.317386
56.545887 18.753828
70.903242 73.082908
74.420606 13.995936
22.501524 1.234236
77.810027 19.645335
12.560159 43.698430
49.711119 65.219749
70.564427 66.934854
36.798371 51.540475
22.905566 58.130969
65.237286 72.728838
6.553637 86.674566
84.594197 74.306500
56.093945 98.259964
26.974592 91.557727
54.062457 94.795310
23.978080 84.397730
15.802970 73.555162
44.641785 57.170533
72.989741 55.475806
33.940740 69.362018
33.151676 20.800446
27.070981 11.739211
95.927012 28.301858
22.286095 48.848754
23.921384 40.193193
87.003956 6.263106
23.776935 58.152666
73.931704 73.443194
30.656054 45.392060
42.950032 3.008630
62.118601 52.908743
26.710088 28.549649
79.051467 43.154879
38.561421 72.937894
45.356161 67.377883
9.278199 65.222398
54.025808 79.912412
43.336786 58.127692
29.150043 25.771506
99.147944 25.920076
48.240723 57.019244
72.962385 9.859422
45.210843 20.418807
10.493857 4.999780
49.683095 87.197301
42.975853 72.935882
34.117820 73.731127
49.384852 8.127783
52.569883 96.465778
98.111226 12.593040
49.860708 53.578609
7.622307 50.277399
60.116590 78.921741
89.148049 2.328678
10.773355 77.897571
97.575928 20.852457
74.179523 27.395901
39.172611 93.653547
99.722447 34.879774
24.696882 66.871129
94.407535 84.938348
96.489968 68.684313
58.290559 96.193962
86.264607 45.305078
27.491111 26.817932
68.153140 88.085095
15.861974 84.828323
99.463260 15.244252
25.355375 27.682959
31.627498 76.436520
94.543753 14.220874
86.704298 50.693186
14.407101 6.072058
18.760706 57.776228
70.871752 77.789907
92.780073 9.035209
63.372688 50.867107
50.879220 3.155063
11.511444 78.200800
1.545068 10.644849
98.781554 61.668462
53.172872 41.868836
69.462030 87.694480
0.747056 83.404066
45.290061 95.330356
78.803160 33.312481
97.496550 7.135577
34.861623 80.367038
37.455001 35.105143
56.986346 22.491310
64.636877 80.788478
72.191618 5.016129
79.003885 13.987624
27.899957 60.073729
24.087356 24.237453
46.973376 79.206677
16.054991 91.260356
1.605912 48.699813
48.690265 2.481446
88.655599 86.378088
88.022941 80.892408
14.611392 89.485807
36.897298 80.750462
5.231732 45.944526
85.936008 55.445605
64.091686 53.144789
13.210254 96.153948
55.495658 3.044329
95.667948 34.827453
23.159127 72.193032
10.432397 32.751476
93.359828 58.809306
22.947838 84.114662
82.983915 5.218543
24.997358 2.978353
58.290974 60.900376
40.376836 77.206007
27.964703 38.454589
49.771155 5.943243
66.215408 55.445920
16.337422 79.166863
18.316892 16.272077
84.688974 67.328304
78.152299 53.859099
37.145237 84.066523
99.023374 96.431906
4.510397 4.558506
74.465266 96.194378
29.480509 2.096443
61.066214 52.576616
85.447279 15.099066
5.525464 25.756704
38.143111 53.028769
2.694977 81.458623
51.317093 26.679420
15.770628 69.048432
17.549132 15.495270
97.062927 12.123894
34.648281 23.469083
78.970963 50.156955
14.708479 23.843500
53.516009 67.141479
98.324859 44.511168
4.697036 86.951600
61.195293 71.078977
43.170926 32.699496
21.611363 51.722450
43.337071 33.112900
10.224488 78.246423
77.977791 83.580962
87.692990 5.953099
99.416933 49.299757
25.511183 60.857201
37.989870 26.683058
19.242860 4.556957
20.853984 1.100150
86.428913 2.014549
96.998079 24.381082
38.134637 82.393281
58.485943 96.801080
32.431960 77.483859
8.900026 88.469495
85.406435 37.422841
44.324816 41.452797
30.809966 20.946365
31.669004 17.478097
54.831753 26.409619
84.324168 97.385869
81.114173 54.496912
96.956753 6.990961
38.050579 31.063028
58.599022 49.360209
33.306462 65.892065
55.853382 23.714274
3.894383 39.124608
6.589152 36.643932
14.083060 6.369511
97.213673 14.398403
64.735136 18.347135
39.952777 91.940366
65.908990 55.208321
78.659050 45.955076
10.704291 84.833969
55.269441 25.729723
46.145992 96.847341
52.984870 49.444918
67.222932 68.461433
14.621018 70.531101
23.755436 31.209984
93.490496 7.042911
95.641208 7.709263
24.811930 23.822930
20.683893 99.943359
76.382430 95.373224
41.900545 18.213431
85.080254 88.288098
60.358375 77.841384
91.758348 41.137045
37.766202 73.408277
2.608232 39.254372
14.240082 52.289077
10.410723 8.054410
80.787997 68.463753
50.311326 80.462455
5.192860 76.038316
62.657116 64.126641
59.420209 35.782466
65.769129 81.366446
34.728659 44.839814
59.091597 39.146289
4.110667 79.049022
91.092451 0.633119
64.554146 71.534908
44.332101 2.781492
46.591934 62.079423
63.366105 50.977761
59.329548 99.023203
6.295461 7.821612
5.072245 94.692701
27.562891 3.427575
7.994956 53.227240
7.801485 75.335561
86.417688 98.054424
67.301980 43.079630
83.049030 27.986051
83.303567 54.898842
79.106222 13.897826
25.902689 12.466609
77.286037 56.501083
32.209049 58.052479
4.853382 62.344495
9.753623 68.119022
43.740065 41.569720
45.827571 10.575102
0.898071 68.183399
17.048259 57.706109
94.536122 46.763060
50.654898 14.041125
88.002122 37.195644
40.340327 5.662552
13.505721 66.546028
34.393628 85.477131
12.954928 31.526599
84.729863 96.136180
50.154581 53.359976
62.709811 90.254525
97.629023 29.843007
68.136976 61.885852
70.313419 31.922514
80.636210 74.713410
93.688638 98.026302
6.902219 56.107885
70.442779 68.921572
44.271020 2.213147
70.085301 1.171686
27.532188 93.475239
21.263656 69.359842
63.153778 18.443780
68.043916 18.967898
33.961217 58.408506
54.612498 78.174590
48.209300 14.193549
5.662612 50.204907
32.366163 12.888464
45.390268 50.055116
19.133954 99.496090
19.908431 84.374681
7.718313 84.159659
18.774997 73.056898
45.866846 44.671018
87.450129 65.129703
23.787993 18.540684
65.286976 71.150787
80.105137 41.023966
8.304992 13.215042
3.527430 65.039227
13.421210 8.703451
2.230911 95.607059
56.043550 90.464107
6.177650 25.356351
97.313395 77.912364
58.973813 3.941990
6.494018 66.929164
53.203391 39.864712
62.142906 96.671279
29.757361 62.862399
33.044691 42.281137
70.732993 30.556576
57.610784 73.799868
42.251449 21.084287
9.489461 96.626751
23.816540 61.518142
11.176141 83.343145
67.690570 83.322032
22.808554 60.136111
9.655672 10.342139
69.818928 49.953257
81.846914 32.871865
86.181984 48.488567
56.362009 28.610902
58.624100 27.629987
5.118415 0.841310
61.003549 57.233772
16.037731 61.639253
24.926948 67.786677
2.867567 9.957716
97.372529 24.796539
11.294530 6.151911
26.603425 46.058750
74.270343 12.242340
52.428749 76.948866
93.727282 58.618338
0.204598 23.502114
62.389767 15.538090
61.533140 86.965242
21.797015 5.577524
78.851912 65.415545
75.827533 62.712951
62.065353 57.382934
79.517967 55.583564
50.051018 32.351949
97.623655 28.869237
36.715158 29.138335
25.895482 80.428251
22.277122 71.960145
2.979929 82.291724
91.459824 13.939478
30.925097 11.497118
28.837956 28.655928
34.936886 39.499609
45.968269 20.644167
83.863876 20.091988
75.194044 23.827026
60.257667 73.952937
27.428076 63.291012
71.600460 75.127654
44.345627 85.017278
80.343105 8.750127
36.322047 31.532793
53.209604 27.089449
45.508279 61.872977
49.857545 85.127543
26.319838 25.484843
10.562747 45.304069
7.695476 36.043739
15.668070 74.973673
2.401511 66.770647
86.580411 45.039524
38.308391 7.373642
41.569260 44.982003
15.317681 46.283966
83.430836 27.779687
53.032223 22.673545
47.544184 42.360012
48.059266 62.259457
13.389321 24.329598
94.130500 90.717538
24.212123 3.044022
68.627537 4.022753
38.883077 62.264208
35.432927 27.795161
60.094819 23.048893
51.601828 48.255338
24.279993 3.950834
45.038489 55.098785
94.465298 99.719857
97.378225 78.215872
90.407815 98.502069
78.819378 38.185071
27.706410 34.624199
56.510557 48.151403
40.520835 5.518526
53.221722 49.206022
69.226671 21.089500
90.258198 69.769068
15.452094 58.517118
95.863009 55.743312
10.192542 44.499571
38.088190 89.086552
10.211795 7.938491
2.373873 64.454550
24.525727 88.285605
96.487333 28.899682
75.770003 41.469638
40.842522 83.363059
17.371912 81.827934
57.673483 38.413390
19.272179 8.336639
70.874295 60.414236
30.513078 72.089015
48.911419 78.485943
53.083193 91.619767
24.808416 55.351113
24.135713 96.234447
70.725119 29.367616
6.651343 69.346001
8.397151 92.952424
34.145395 75.760607
86.391341 43.664794
7.580377 3.734280
92.655338 38.810770
61.976769 73.337318
37.272223 84.989969
6.865025 16.965743
97.486689 43.689469
72.300968 98.359917
26.581775 58.709552
28.216081 98.663361
2.866198 37.485489
72.562451 19.600016
68.076581 16.653961
39.903754 81.691501
38.895045 21.985891
96.569539 38.423163
62.374611 31.905065
26.019720 35.505258
38.430229 14.571259
18.276589 10.561560
19.390646 4.558858
48.084243 9.698903
57.631221 92.180605
82.220902 6.685994
5.737443 47.939995
29.735016 96.536152
16.572339 82.246969
82.905739 48.206451
45.497117 16.889705
40.442974 53.085419
16.322714 16.490689
29.051096 63.377757
61.051736 57.962278
43.871609 3.803584
20.818272 40.782337
62.613988 38.200600
20.529754 51.256971
26.547502 58.812707
45.915124 3.102863
32.096831 26.112309
64.960571 45.698556
59.782556 34.060114
86.998272 48.201918
40.412823 86.122861
49.610751 18.453456
0.670724 40.455358
43.781125 54.905059
94.881321 48.062311
59.849241 64.419476
83.476835 94.738036
72.658706 41.807513
29.900202 22.102418
89.992525 77.766014
63.782420 99.481097
97.683165 31.408363
90.150086 95.739281
98.369112 41.859778
45.300105 95.817155
30.302360 31.031022
40.219564 9.892673
14.384450 79.158838
52.047468 2.940720
91.916616 39.480614
16.791461 91.633882
42.070623 43.482107
86.789035 62.584988
40.074773 17.464849
68.131003 15.564730
72.662956 37.015522
49.103134 1.929232
75.676795 45.057637
69.922743 95.367370
39.768984 53.498218
44.372666 98.061042
48.646537 49.392463
2.002904 39.667080
13.388470 50.075340
45.907463 40.628843
61.266944 17.774238
51.114707 49.157065
27.180266 16.671505
88.233361 8.837528
51.568013 40.670284
40.462301 19.501673
93.004686 88.048206
53.891890 25.988459
24.889888 18.572994
80.852404 1.715177
60.555536 68.185716
77.732729 43.832692
3.431632 83.244969
52.426577 32.064628
58.971116 19.273117
44.470124 49.465920
66.055426 87.540049
79.766304 99.465351
10.006585 12.633464
63.769665 12.474442
48.993335 28.522646
84.090358 93.818224
15.886025 86.888040
91.205731 10.320016
87.032393 53.589193
45.249581 11.603339
25.956180 29.996464
57.774944 54.305901
93.392029 93.757827
58.453895 38.931330
15.271777 78.425070
58.058841 22.342731
27.038650 57.886975
64.141324 46.784826
90.793074 41.291164
2.199496 37.766349
18.785317 67.917863
48.787155 33.256412
60.866152 98.162568
81.742808 93.522014
31.320505 15.550851
89.031710 89.460171
47.782225 56.158679
84.530216 48.079826
10.402383 43.647271
39.397105 95.644368
30.756487 20.727372
4.827104 57.152513
76.243166 83.386980
82.097958 50.601520
7.598687 48.082038
35.555972 99.389360
32.561841 12.060749
19.957376 92.955424
52.281420 89.726089
77.388268 43.767512
3.613617 62.805517
88.152096 9.842532
71.617238 84.084784
35.008302 16.207231
32.289158 1.973831
58.421120 26.115946
60.213272 41.917824
62.783801 99.285530
47.449716 34.992636
26.280074 27.767831
43.103516 79.721881
74.986983 54.335145
7.762315 3.960915
22.205965 70.474566
88.200110 17.251880
96.842725 43.432589
65.108773 4.217146
13.257106 99.622416
95.989909 52.629530
11.840653 92.210781
35.481188 35.909474
62.214750 5.384447
2.048170 88.958685
6.782111 33.922468
68.261698 41.054869
29.337075 69.300249
91.748723 42.984400
46.419108 30.862823
22.390276 21.433986
53.490598 3.080118
78.346928 36.241891
71.255615 12.532239
33.311594 35.131597
89.338137 66.025856
82.236157 57.294911
22.194503 12.837989
25.830940 92.965346
46.384052 95.439531
32.555121 91.328823
24.168013 8.375329
89.434865 74.743422
24.513401 69.958400
46.422255 11.407469
16.553055 36.879384
39.034239 20.658680
84.567738 81.740616
89.912545 48.017747
84.323988 57.485405
32.003124 50.281965
1.959574 49.484112
22.542539 57.253230
20.604182 61.041186
8.725294 88.848127
54.046402 21.079809
98.687014 37.565077
13.603440 95.295453
16.072540 50.119406
43.346594 8.795491
46.917216 31.569809
40.146625 58.013012
85.615321 88.443809
64.444931 20.278990
56.289984 48.070186
34.011284 64.209744
61.887809 58.595652
29.056138 97.504678
87.895703 94.120153
18.540514 31.876218
15.538525 95.381312
13.969928 69.803253
28.605802 50.888890
40.065348 47.033136
39.145523 77.510421
5.382173 33.916892
36.400898 24.790871
48.313593 76.642051
15.250253 24.487611
59.360294 67.727266
87.511300 60.427806
82.237117 97.855132
73.494062 85.291379
28.392204 27.870929
61.403024 8.159425
18.260146 78.249488
59.414111 61.126585
76.460419 83.981247
56.216070 71.554831
70.723524 6.769016
0.248397 30.829844
29.195882 32.008711
73.004575 40.541489
64.017217 27.028717
57.651869 62.047803
22.716642 81.878749
1.037807 25.170619
53.735923 55.848260
26.873930 24.689226
40.753222 32.728507
25.266259 31.186034
39.281352 31.940087
21.675983 87.669026
12.339397 27.719831
57.088968 5.146383
39.150651 63.894455
84.831226 35.682868
58.319997 68.129950
77.114314 74.215200
44.442297 37.970185
72.054364 56.154683
40.589516 27.589133
91.454124 80.678771
49.816380 31.634300
14.864050 83.928542
5.833172 98.311724
46.888386 35.893141
97.784007 13.869332
73.368721 48.227162
25.390705 31.789139
94.105065 68.908715
63.458863 72.247445
66.420243 51.135019
15.827091 90.299116
31.051162 85.437162
18.639969 38.688417
31.904745 58.481526
13.129818 21.529971
47.144645 68.817589
15.692571 86.967777
25.235237 41.464016
73.869120 62.222397
37.280336 30.578123
13.179108 9.718067
13.921934 40.256895
75.306395 36.977375
78.922028 16.046674
78.651890 30.218648
12.402293 88.185825
88.354689 84.734526
69.647615 80.423980
46.061211 68.577074
42.353430 65.520349
14.611905 76.586365
60.238870 53.701971
28.613071 90.462410
74.231229 32.951044
96.735543 73.597900
74.285261 87.441771
83.272402 44.728689
26.645766 49.113254
18.830252 63.830629
68.878148 15.708909
56.635963 13.909331
60.495742 92.384815
37.564498 73.866931
17.292563 87.667956
11.980277 97.209331
25.992337 24.521274
29.682648 69.752626
13.417739 62.912136
98.628832 54.473002
72.248449 73.722852
72.809337 14.442814
25.914561 31.954753
91.580038 38.457604
79.310309 77.257882
2.383337 79.752961
63.496234 97.183723
7.418940 3.786733
30.202763 3.022290
54.578413 70.869937
0.587848 59.948360
25.092029 9.774600
38.506157 60.070784
18.139452 38.341505
77.695501 24.339021
49.225548 20.586161
38.891268 79.020120
2.797499 35.511221
11.916015 49.520583
21.060606 85.011235
9.957356 85.687755
62.705797 10.930216
64.903381 31.245467
72.099171 18.027072
32.399697 21.599479
16.889445 65.967875
86.229099 0.779970
48.132723 93.022705
7.136743 54.810754
17.163519 63.415836
38.711529 99.895998
97.725528 35.849175
78.419605 77.180606
56.984810 67.875513
86.616600 31.673976
90.693135 3.070126
15.022318 13.312150
68.807038 61.486141
47.010301 86.560557
90.918171 92.601513
69.225227 22.637077
2.130527 1.368872
67.478479 57.037217
40.992361 19.058325
71.118071 44.532978
93.391961 61.703652
58.481017 81.791743
74.282901 0.380568
62.013470 77.656921
75.905491 21.504177
93.858626 24.324009
93.858186 99.035016
31.324107 42.250495
60.206101 8.154760
84.040331 52.156580
47.037704 30.632801
70.537747 62.594310
72.432528 35.491912
11.388890 37.494157
98.925812 39.035446
6.735530 76.344492
59.114091 28.022504
16.695892 29.770775
65.931343 42.678807
22.235347 95.132253
35.522844 19.555202
45.479784 95.742759
65.098048 45.424883
66.632698 85.056256
24.229638 75.911885
35.789264 78.614002
62.684346 40.678712
16.821316 26.140037
35.419211 48.471161
77.292415 90.852996
59.378232 70.526476
36.080817 25.471062
12.668380 51.057536
12.971483 63.566624
82.323206 42.774510
2.571072 53.504551
60.835868 57.000745
68.636216 43.728998
28.465417 39.869828
22.069251 95.674425
22.358963 58.282135
4.585342 57.850384
1.889034 44.954444
94.955147 52.222358
53.711785 4.300260
19.095162 6.758526
2.549299 93.787623
95.318691 48.222158
4.630391 47.944621
14.970562 21.130202
11.239094 7.780397
82.561788 15.346409
16.874138 25.377486
42.520754 89.111292
71.169559 28.669073
76.309187 64.673072
30.629106 37.892080
20.504490 18.271112
99.214019 97.893243
79.071016 42.935950
90.941828 6.407003
34.550737 36.913915
4.904980 1.153074
61.694420 87.169667
57.872767 56.082023
59.329706 30.777977
17.017404 66.352943
83.446553 2.997516
99.966188 36.564110
53.106028 55.312528
73.538778 53.027626
17.673376 1.038435
19.307252 76.040695
15.653599 29.322885
64.676512 69.931432
6.617676 95.813790
10.045464 4.142857
60.356289 83.266506
56.566235 37.975436
29.402540 62.925632
83.903886 84.033578
53.294866 48.048440
36.888620 57.682954
83.472176 33.267258
67.751083 95.499038
54.034915 97.507354
1.857549 62.857030
63.734078 99.091271
32.160182 69.288749
33.138756 89.916867
48.102981 35.820580
36.825188 97.774267
58.660726 29.000167
84.846589 28.162502
19.880673 76.027385
71.703956 24.028192
86.520158 25.392169
0.534247 95.767868
80.489582 40.271562
4.824265 8.586380
16.558501 85.761197
75.740490 52.058374
6.054615 23.372442
30.566490 33.163594
42.460017 89.185653
66.734088 71.598429
0.410749 32.179967
22.470753 36.369411
38.133108 99.206515
79.289824 10.415009
71.119374 72.097697
18.063928 25.445447
64.467153 80.804431
81.968865 97.562712
17.294109 89.078803
37.611122 40.635763
30.829804 55.791380
4.872075 17.026293
66.381862 59.407003
20.649418 72.076930
79.863532 3.507838
25.830552 40.344125
34.010918 24.328857
64.554196 60.593863
99.492385 99.540166
66.364685 86.492628
82.514306 70.397584
53.939659 15.601934
13.626396 87.222338
23.712814 96.937872
32.224818 60.412328
99.228687 85.070885
77.403944 61.357284
34.374515 10.373395
34.418335 70.499410
18.773082 86.409776
25.500962 12.494803
46.902182 15.497461
75.262591 79.864810
68.135949 6.757109
3.412018 60.231289
76.123249 90.653939
29.417390 64.481564
62.671313 75.792484
92.878952 77.308396
48.335646 71.672613
36.963072 57.188589
27.315982 97.438815
25.881655 97.638425
56.496989 92.725654
56.456016 7.009198
16.472635 66.693812
78.175914 1.687687
0.568617 11.030624
58.886203 74.020082
93.568351 45.311936
66.969709 29.293678
74.722201 89.037132
11.144065 55.156348
14.110815 68.553889
58.992554 53.962924
82.699746 80.723041
22.520951 49.544243
45.340198 46.537502
28.200867 29.775507
8.859777 94.168248
27.086548 34.036739
37.940874 16.542041
55.417596 2.191601
77.051780 10.020730
12.880188 65.606006
47.331433 14.804212
36.625407 95.512599
17.181365 52.295064
7.966124 32.117706
62.309306 0.998729
5.900020 27.441719
24.828444 12.737403
76.942574 66.508237
1.359461 17.233371
4.566288 20.310751
21.086971 58.032048
47.991103 18.549172
90.179105 65.791763
63.808139 32.324142
66.335710 76.576200
19.713093 43.218441
2.609905 42.532360
46.751780 47.426581
9.850176 53.860086
39.750984 95.155529
95.137622 96.905343
96.726770 21.812909
61.521514 81.828413
73.470640 17.406512
53.520283 9.875467
29.138827 26.612444
65.065203 38.805210
51.062057 16.404147
6.842344 42.742869
29.431611 94.197529
35.263273 35.908464
66.968907 15.527118
25.531391 18.008132
31.420644 92.260564
19.513187 86.925800
21.502860 35.606069
32.841029 39.111396
90.800133 97.890914
1.170955 79.852528
43.466497 77.858901
26.476362 49.535969
23.121480 39.959009
12.895234 89.064143
76.183230 83.230049
12.906579 70.487413
7.779297 53.050452
9.746885 79.847784
78.614969 22.435734
20.225566 7.917868
87.740184 81.303341
54.777972 71.779930
33.343569 95.585362
78.561356 54.808518
17.771173 76.783635
0.913434 29.360972
60.115298 93.401447
41.671601 49.003749
34.447193 11.453471
18.373876 77.502851
85.414646 7.631279
29.432447 89.673857
46.890191 39.314576
95.274419 15.272025
20.677544 88.249130
46.931467 59.508885
33.143603 75.550661
55.940953 91.617231
76.810116 86.316678
96.296926 65.573791
66.954087 38.107094
10.730178 98.965975
79.064308 26.532891
88.770574 67.332043
49.871968 12.898588
97.905695 93.837007
17.354614 24.930260
68.854423 39.155451
50.877910 28.609067
7.041789 3.497205
93.661074 92.397139
62.952421 84.062857
29.986295 98.419929
24.011080 62.565449
58.924731 33.999872
20.311722 31.316013
87.248422 31.991358
47.427904 0.423035
1.448831 39.074141
29.523382 70.662543
98.997896 16.755266
20.307046 75.159778
17.499443 8.511628
8.754887 13.055599
6.150845 4.243248
43.034034 34.041933
81.160723 87.843136
41.610372 10.280617
51.989516 50.074238
17.531653 70.354293
41.906753 92.441702
8.990634 55.587176
57.328702 35.192931
26.165470 27.361648
45.337665 36.051722
94.471536 58.590790
91.707852 50.770672
17.805401 36.074822
98.618201 2.083674
57.849470 89.562816
3.662555 13.091327
12.968883 24.181893
15.153204 78.627463
64.241331 15.405532
20.839721 82.889645
36.888864 78.417804
19.005154 76.271345
59.250680 29.363680
76.978813 4.578342
98.758192 62.973338
2.482073 96.821546
17.271495 1.143033
35.186389 92.731195
59.565716 8.979205
8.353478 10.014468
83.207058 4.452502
15.170195 46.651531
13.889879 23.953844
75.084051 88.641002
77.594244 92.844591
67.807582 66.293748
1.595525 78.287776
76.212051 83.244082
94.210283 34.739993
41.720539 42.009299
58.321721 4.822350
77.214684 69.429710
29.000286 44.836187
71.924128 80.704782
58.570420 30.825078
20.603518 90.057408
31.368954 81.101729
34.040980 12.845980
39.537017 93.173798
15.354518 87.279600
36.968206 48.818249
76.328690 70.971297
13.815141 73.896948
31.051215 50.866306
2.885241 95.715848
94.477682 79.451744
23.137360 85.511386
40.528142 64.905446
76.957767 94.155885
11.723818 67.517489
80.143852 57.563875
85.660090 73.677403
96.262087 24.215868
63.269085 59.773568
45.987230 78.671553
19.802320 31.480360
62.428577 17.258768
59.005993 27.294897
73.048489 55.542924
54.951190 49.319707
20.476627 56.092770
87.540298 69.493994
97.908548 75.629888
66.743837 98.667959
27.766555 31.827735
84.361663 50.374778
87.081783 35.807814
51.853224 12.182485
68.241475 54.615531
51.134130 91.133626
8.272241 91.081278
5.829240 16.394427
81.715980 50.251774
97.294221 11.455206
59.257851 73.509392
17.546588 95.309402
28.491552 38.521447
52.501748 1.077419
97.174228 12.594381
19.654485 1.394366
52.648577 29.937410
94.435455 61.821964
82.140687 83.770427
31.719283 77.295634
11.807264 13.212778
26.541406 5.080081
10.385970 95.293008
79.977006 67.899922
20.582156 15.999876
12.171940 64.008229
55.997272 72.144331
8.406824 54.485280
13.866853 10.744904
0.029091 50.836870
21.936968 1.980535
13.567421 80.875963
57.390201 15.336431
29.632220 43.728532
83.465356 64.486906
56.918552 50.437579
41.434782 8.820301
71.348011 99.741207
60.241358 77.584594
55.132264 35.766600
76.090630 41.543928
78.028209 3.858436
83.129234 19.053252
4.025371 41.730626
43.086591 11.804651
52.629627 68.666984
93.837416 23.987299
33.051086 53.974667
42.340141 81.014810
0.573457 85.326544
22.191686 73.509111
36.014626 27.903716
8.732628 94.585019
85.459464 79.690157
38.174917 67.926008
64.308771 22.169136
1.736567 95.732743
30.073393 61.920821
11.904444 57.120846
28.501927 33.957847
98.265288 71.602717
94.765001 91.968765
20.024443 5.220210
34.812086 23.073903
13.525846 11.576640
45.165119 7.687919
25.049433 49.183620
34.030422 7.861278
77.014052 43.685499
63.662581 22.643247
61.015709 67.534953
61.250539 22.783524
43.308987 36.467456
61.271786 17.521056
47.267392 43.157536
12.982049 50.712335
80.236754 11.217974
99.258415 36.394747
62.556715 16.993709
64.482977 59.495055
76.806727 49.042449
51.670938 14.505583
33.173574 66.441474
60.070580 23.372387
32.455296 47.634435
64.213809 44.391062
4.552567 3.580292
33.960459 8.360373
92.608878 33.808278
87.537769 94.959145
8.971435 46.578946
18.352705 75.495478
61.164639 91.011475
36.879640 48.468789
64.382168 41.819416
15.190897 63.469637
45.156764 32.496740
71.876151 70.455381
98.413467 85.320853
4.163428 2.335839
28.172700 27.312983
26.956587 63.212318
11.186754 8.719032
35.859640 95.078638
11.573075 66.070602
85.708765 33.561218
89.153054 88.341430
28.702136 88.002580
4.814709 23.309293
45.848617 27.527126
98.540337 93.935757
0.312620 38.239339
2.048021 36.060450
67.657887 0.428524
53.553931 77.090434
89.064266 47.801291
67.047869 28.903955
99.770991 82.204753
22.659924 34.552703
48.844525 69.581611
28.837588 51.883849
13.369453 92.883027
14.869064 18.904138
46.100154 99.208836
10.675744 15.331357
86.785492 82.133380
69.410389 46.406716
32.015188 48.324691
30.810442 17.660572
78.910608 65.554370
76.127917 70.331063
90.970936 37.546010
95.905068 33.865019
45.461780 24.995183
35.017524 5.601730
27.550915 63.567318
9.101725 92.332986
78.171221 62.741913
5.228773 26.402673
25.670682 0.858083
65.132838 85.918508
82.872231 80.529172
34.832933 0.939324
17.551350 45.857715
42.619570 56.920333
37.036358 59.262088
4.874712 85.676245
94.941209 40.909867
51.981085 40.744279
9.256363 64.728542
27.100423 8.154311
21.807843 83.072612
97.654472 27.372958
9.956137 24.130295
76.859941 74.278772
61.033325 6.284785
44.857288 43.095806
12.904964 63.040380
59.763086 59.203346
63.391692 57.114439
92.426248 91.626242
61.795988 38.809391
95.254475 55.505651
31.549685 2.539109
11.645806 91.667202
27.272659 43.037991
29.082965 28.993559
70.134891 17.587686
59.206469 31.087967
90.465611 63.093885
78.463259 8.307208
94.057889 98.763765
47.208721 93.149470
36.349996 29.152810
66.150536 19.348445
59.881670 35.496718
27.377621 23.132084
49.875066 74.437235
88.657014 69.877655
66.062564 30.406729
35.235037 96.258366
64.321896 56.408210
29.339038 67.284745
6.987074 3.604890
95.969492 22.827492
96.480537 69.566053
28.434901 45.814489
33.069165 98.560072
18.321398 96.854055
91.169830 51.111017
15.533918 41.577318
38.933531 79.008481
54.466763 66.737394
67.289027 59.519345
63.673707 98.516270
86.092287 92.176728
87.962511 90.253317
15.236598 92.392939
89.233161 5.651247
53.876062 93.729790
74.747483 38.999601
6.614334 73.695925
89.161549 30.381752
44.315427 38.715987
8.271818 82.412966
78.719311 12.532238
21.944936 0.492472
47.276979 11.610564
96.580152 33.453743
45.055701 23.738838
72.556191 11.147591
73.849744 14.735565
41.440076 77.748090
7.394289 85.984365
68.825819 49.984326
48.438440 11.458444
53.354022 93.205803
0.268949 2.881297
1.434912 78.837947
87.740823 81.899066
93.927884 41.845589
85.331847 20.468831
91.427176 91.160684
38.087334 17.773096
4.369428 35.197865
83.816735 42.215784
99.514946 80.560630
53.439156 93.668024
99.270488 14.621003
96.689270 0.448408
74.992061 28.679273
89.425803 3.923020
10.909477 55.321570
59.208177 34.576101
71.417427 93.682772
87.829755 73.794317
16.083318 57.519639
67.136324 74.232708
80.343303 81.471578
43.019435 98.665047
57.688293 77.956205
22.261018 82.105875
56.289106 21.952017
66.152372 74.927763
98.383847 46.280536
50.221259 15.912718
14.887871 97.517366
83.550432 15.713732
56.135332 99.035346
55.179207 22.314944
52.344024 0.429094
30.771733 23.198961
63.534258 53.107705
31.199955 24.202349
79.751047 56.024255
51.749933 85.000157
82.268401 77.547365
81.459601 94.435518
39.337192 14.682353
88.464397 15.105088
18.863094 65.238297
80.800351 51.679316
31.515398 26.361541
29.865611 27.906987
56.237676 45.141605
50.678190 70.218254
13.803187 11.404248
27.760867 15.912862
41.464672 34.724117
21.834063 23.856141
52.287536 38.881667
78.004588 65.047127
24.916089 79.075540
14.360416 65.237510
69.057494 39.184004
0.729348 79.972877
61.164069 52.819732
78.321829 75.691186
57.262043 18.268450
18.148725 70.754349
94.084929 74.027434
13.403967 5.730599
93.434604 95.911986
46.278547 91.532969
85.980586 54.523180
35.651028 68.460279
30.186944 40.295611
45.532507 57.000642
89.625523 28.773906
48.017635 98.483275
15.739106 50.095031
12.372917 71.129202
47.950268 67.685661
7.472409 4.934183
26.477252 66.428838
42.876827 63.431624
31.572842 6.309587
87.769516 76.278057
47.850360 76.939301
15.952509 25.148029
47.074874 79.640214
79.866462 40.142884
17.689390 29.774493
93.992446 96.506480
32.467899 59.198806
9.391329 24.362400
59.790291 72.169840
5.528521 22.805343
93.962359 94.197428
52.228215 79.111224
59.295082 78.107507
47.403446 21.922877
71.967789 85.453409
82.869304 56.547020
9.156147 17.371256
41.523841 94.822111
56.569609 93.709541
51.627072 48.622635
38.007795 45.889739
8.401332 56.474302
9.988690 42.317287
54.766368 52.337439
28.435333 0.985259
1.383983 27.303846
48.436265 12.578429
15.462556 83.717732
16.408519 52.714834
6.096138 5.925678
23.036637 98.483637
35.381835 32.668811
46.552419 83.482546
20.568232 0.685434
73.060864 30.003944
76.477161 66.699908
23.877294 30.744268
19.654931 52.939353
93.840011 94.925005
11.733394 83.426924
32.065136 62.111991
50.897510 11.712341
26.321288 77.712948
28.523960 96.209354
82.825525 87.310231
69.793797 29.323092
47.995173 70.138070
11.273258 69.182569
79.598394 38.182200
26.747705 14.512833
29.818383 28.211312
83.608029 98.656199
93.054401 28.254319
86.538106 80.380522
47.780230 60.745065
55.021069 41.931654
45.276977 16.737333
22.838588 70.024307
11.561935 61.709761
25.171636 65.025441
29.882306 78.571401
33.751569 78.164380
54.934033 17.075435
48.513152 27.371393
71.496522 39.780240
12.409540 71.193202
22.403927 93.414009
43.711971 17.589554
50.684009 5.095525
61.578842 91.573205
56.271533 33.772340
56.053454 80.032821
73.367345 72.844072
24.877954 49.701880
86.815462 34.337991
29.656187 76.538429
50.852008 17.711114
38.709015 89.207568
34.032686 21.470834
21.757967 69.484634
69.407002 12.629120
53.834664 31.372691
90.610090 85.927237
9.673976 54.459677
89.892761 92.520170
49.582450 94.979874
34.099178 84.012258
9.669568 14.281193
75.011962 85.518986
17.471038 12.759441
28.501528 15.533941
83.370801 99.326269
94.001882 25.799857
22.641285 29.150979
65.813931 76.669762
23.837960 74.142465
64.424598 75.968167
6.352423 70.706175
64.087086 54.922784
77.714246 32.683758
38.645526 5.670600
68.070575 18.767218
84.135387 92.706501
5.732346 64.975855
99.508007 91.100385
51.633073 97.856921
47.308567 55.877717
76.617142 82.588367
66.385430 82.810677
34.808721 45.199229
43.568339 23.925373
57.984885 97.986868
55.836206 60.317027
95.464267 59.654749
90.921451 50.392944
71.419672 98.492463
66.953390 56.234562
56.103580 13.697168
48.342940 33.278744
99.348927 89.911753
52.811536 31.783583
89.059124 48.041207
99.693768 95.431556
19.964530 13.950024
11.880456 62.528198
78.254681 3.351866
77.634289 2.533504
31.842189 31.747013
7.615201 47.629667
3.957415 22.049043
17.326297 40.444482
64.581967 67.659265
69.132593 5.578996
92.490208 82.477071
74.954669 34.592116
66.242255 33.877975
29.932437 95.004984
20.022250 13.229208
33.783391 65.811978
28.500271 15.462554
7.715076 15.172379
54.628886 55.908845
1.622960 55.809396
83.226977 6.556069
22.804800 37.981749
40.135719 58.478745
96.084911 43.379456
24.617785 73.047485
61.674544 34.745528
24.059689 74.170647
88.946366 55.574793
15.877276 0.569360
71.395156 55.632489
60.404903 97.116203
16.224242 21.444864
94.981422 21.063932
82.503209 80.354108
68.375541 57.502367
34.814618 64.569551
87.154135 11.372744
1.632229 38.082424
10.721454 29.398966
41.536877 82.561555
25.390442 82.834798
10.377952 48.308330
27.466030 15.075217
2.354609 19.571729
57.722304 5.207432
8.712456 85.722934
72.997840 82.358471
2.615716 91.667279
35.857543 86.912926
28.948275 52.882139
5.763039 12.630660
55.126716 61.815900
76.113250 10.095323
51.718018 38.828282
28.473340 12.508829
73.819874 82.166427
11.190049 87.749063
33.387354 54.581107
57.678998 95.954490
93.411863 28.212520
34.798954 65.862207
79.216973 7.984391
58.859905 75.242851
83.140315 16.392631
51.176955 48.058720
94.468383 81.345061
82.549193 48.090726
10.209006 14.115571
38.194128 93.802816
39.318004 60.330623
98.233398 40.486185
98.230423 87.980083
90.024822 16.377929
11.046640 1.798885
77.183617 99.172439
52.429627 37.599272
68.928053 8.219425
10.536718 76.203145
51.849570 73.648094
40.148731 94.237881
67.121412 79.320382
85.647847 48.987299
48.056664 17.409025
21.626117 8.195156
9.489897 9.829670
46.268615 50.466541
34.338929 34.724248
2.172607 91.275259
96.850704 30.756477
31.859178 17.503982
58.492858 61.391272
62.050713 9.066001
89.528974 35.814116
23.711603 1.825179
92.870943 36.358198
85.922287 79.671117
10.055459 5.388034
9.914943 67.598872
72.349309 96.758128
55.735133 82.167698
42.034966 35.876025
14.314285 59.413799
67.402649 16.703347
5.820944 42.909870
62.670343 4.918456
17.392533 58.077117
23.839838 11.107088
4.741793 47.519291
24.041084 34.683381
44.232202 54.369175
16.191433 89.997371
59.992446 32.401988
58.788196 8.332577
80.034661 55.848150
91.890787 11.789077
74.427783 12.138449
77.235244 15.656050
97.561178 80.200735
25.923368 51.663175
76.243870 25.781677
59.291104 45.829925
39.273809 91.878345
45.321572 26.982733
7.995815 43.136043
83.210913 70.528910
87.393702 28.379018
89.503555 82.959196
78.434346 57.939102
43.257455 73.018424
11.062870 67.194436
37.859395 29.290420
44.227788 74.426866
77.583094 39.070429
33.815843 39.676621
49.514728 47.600401
19.638689 86.884229
82.680164 44.643283
47.994676 7.301919
25.405549 36.333150
81.877178 92.182452
41.140884 25.430864
95.984593 70.492968
2.642164 83.583747
2.971672 28.666857
2.582460 66.412197
10.433327 12.432950
85.673731 17.875515
10.001710 97.855460
14.308006 60.882468
31.112872 3.425485
46.478996 75.329780
77.936521 99.639618
27.863854 62.427684
71.757567 98.978787
78.078619 43.102255
79.191953 75.130987
0.363405 71.282559
38.696980 58.124448
7.891899 63.363499
35.831427 18.992814
93.585497 73.293095
37.439575 25.332730
4.857844 88.168544
64.376769 43.496419
71.545800 73.406906
25.376869 15.683801
70.124020 98.768434
67.652157 85.302774
99.929976 33.399928
19.896127 73.561567
19.563938 16.889060
49.170051 60.069282
74.751397 99.833284
20.992922 66.465639
57.167639 65.126380
54.116963 52.951309
17.913167 42.639376
93.832655 31.568798
2.225716 23.240783
16.077334 57.199891
50.038908 71.014460
39.516078 4.636067
98.163004 63.762557
79.660532 40.750172
38.877461 3.043942
79.277089 65.405037
84.905223 39.438130
54.513723 54.329270
78.106391 25.586953
0.797498 72.502298
46.961849 80.831233
70.113579 85.271297
10.692566 43.775760
98.949244 57.642543
13.629234 98.604834
54.558625 31.274927
45.440164 95.066966
64.322868 85.521627
39.503649 1.178002
62.893772 38.689839
64.689372 40.947937
74.810600 95.419399
85.126694 90.552350
19.121558 31.372519
41.180037 44.098016
96.544058 14.769862
83.894724 64.167439
77.243489 82.243686
7.844102 25.864120
85.518449 45.411359
67.444296 8.963941
12.800978 99.703091
1.001215 31.395304
29.103083 69.147417
90.387642 0.227119
33.719805 85.923409
0.374946 74.441461
70.085155 80.223766
44.194488 81.997170
55.971480 53.126070
18.774976 98.127550
76.362613 80.362772
16.259879 65.058776
20.549508 35.387741
0.389878 71.175340
74.328564 24.102588
39.539459 45.232954
67.982297 71.639517
92.292880 8.103360
9.506853 79.070542
63.540831 53.771660
23.422705 57.954161
90.789210 73.871719
55.903650 27.619916
33.920394 79.351611
12.164124 81.837232
35.722621 9.823019
25.557193 26.868391
52.572028 68.153371
12.376178 18.963826
42.550285 6.454517
22.476796 89.174270
2.527216 25.474420
20.533424 39.378199
20.056266 57.486357
28.502565 0.447806
76.363505 85.612690
29.125125 47.384603
93.510953 72.927320
22.818623 20.370386
98.121569 2.605763
64.671668 75.913726
33.442475 67.814189
82.854798 93.162322
67.379597 41.892183
36.419053 22.962259
35.588151 47.124928
4.166110 81.635078
5.799611 40.769266
73.908581 87.751370
15.071308 39.983338
38.695764 99.969890
3.663087 99.909372
26.591201 43.704907
89.829030 35.395956
30.283709 64.750919
14.874140 38.648409
82.666254 16.558297
42.064547 18.672430
74.993846 35.204930
83.825632 90.295581
32.914521 76.259402
67.778027 78.222672
67.665584 73.839517
59.509016 58.755157
41.219411 78.129369
76.675019 84.341852
84.191229 17.599289
82.627029 91.755958
3.492486 52.061157
39.345566 32.317206
89.594783 99.287883
28.792121 16.220234
5.366356 20.773194
96.946411 85.924836
49.513922 93.804990
43.031956 52.450629
4.155759 72.483200
78.818519 59.889493
97.743103 92.590051
42.314097 27.720452
94.945278 37.980810
55.388335 59.407319
37.214813 17.100916
16.851187 70.797702
85.247394 11.721446
11.983605 7.982157
1.780130 78.894178
18.703938 3.385934
12.168125 51.533555
86.175010 65.732559
18.963676 48.916094
16.972163 50.709554
40.289362 16.716487
45.657231 37.519280
65.933800 86.511015
80.152507 59.941791
16.216037 55.737294
84.940407 41.954090
25.536662 40.699796
32.974082 19.958250
0.391158 20.300949
82.253179 37.849496
49.531181 49.564894
5.512648 25.426794
9.192853 4.317115
10.422400 18.121976
48.863108 4.990114
28.714939 54.740818
48.200563 73.247907
33.391389 43.738725
37.907584 51.478620
37.784324 86.516990
4.521195 51.964816
9.495247 75.646152
61.487152 0.009322
50.070163 5.043380
27.669001 84.549802
57.524906 21.092001
64.974005 51.838616
0.994675 48.755651
10.340246 49.150717
61.941256 90.705823
47.015637 76.095446
76.432415 61.908104
14.447317 64.993784
47.910327 1.455398
74.202982 85.632435
59.201336 5.741079
60.734906 40.751356
33.208511 20.904881
32.230781 55.957755
78.158156 71.567035
80.408452 57.741353
48.812396 23.957132
42.107815 18.548729
63.884636 77.317935
97.603270 16.426549
10.032151 67.544486
44.809111 58.469443
24.373873 45.975519
27.412563 71.627642
95.955799 96.369803
0.221889 48.401698
36.872378 39.046302
47.218218 0.670783
70.099581 69.571432
58.597329 44.143986
34.602946 86.650982
28.579218 86.779000
68.622176 57.902079
8.328277 17.238671
40.034379 0.779801
42.806786 67.366484
22.840719 41.480908
28.027848 72.470699
10.267628 22.549320
11.794436 67.268051
37.783779 29.343384
27.520835 3.168101
16.942518 69.837781
31.820943 29.976228
78.025395 73.527965
47.101047 85.317319
88.766538 90.917808
64.228978 75.675695
8.600237 99.740255
31.014930 3.822930
84.067966 48.111787
20.700691 15.054443
14.764695 31.825371
86.683791 72.399210
57.589359 76.404843
89.006759 50.200826
33.296101 91.160627
22.274799 50.526096
29.476190 54.566974
25.783701 94.325870
87.102351 38.063216
45.055601 97.294464
98.256021 18.115653
81.712088 49.625631
42.347502 98.086096
80.674489 78.359557
63.533502 68.747310
94.967559 94.440249
94.768555 47.040637
19.261592 17.239624
11.855176 85.856517
70.501017 19.834749
15.347688 12.170893
3.709343 69.426547
33.547982 43.808256
35.753070 2.488834
94.461081 59.924996
97.763396 78.798537
28.077149 72.526370
89.781778 80.822560
52.084586 18.058619
72.198117 1.869583
51.202573 97.651519
11.813251 13.591509
35.025018 7.187039
95.269830 52.277811
20.678148 85.973843
69.034243 42.939949
75.867135 14.635554
1.903721 29.024174
85.577039 40.376335
96.183412 0.633220
54.198787 58.755711
26.303208 2.292127
34.742675 88.071424
23.918142 56.311896
38.797342 57.335762
81.932259 28.932165
17.466846 56.271491
11.976391 29.225444
39.948504 40.368770
45.924430 54.466738
11.685970 92.566758
46.185381 24.519767
53.514860 13.046605
94.152778 7.149924
47.547339 31.661313
78.242698 71.424701
88.904910 53.889400
58.696683 47.358339
77.744656 2.329501
80.790364 27.685305
38.241076 10.066033
17.973331 52.818663
18.987162 92.656069
50.987226 76.428613
79.657235 36.177257
36.090787 22.235114
58.721136 27.230447
59.243727 55.400311
85.120928 11.558248
95.727182 76.148374
69.173001 95.432875
8.784867 65.843505
6.511957 62.684098
79.407870 21.970940
46.641753 80.933820
20.351123 69.388134
1.524965 76.529751
75.029930 0.548080
84.217549 43.310808
2.098696 20.403509
68.597278 85.546129
69.126177 76.758293
89.782919 81.072975
85.510953 27.675691
43.471502 65.477587
95.227977 41.531842
24.454643 38.413215
71.122440 32.612452
22.799480 42.283989
84.124687 80.337430
29.242402 49.105015
51.984454 39.111213
15.419279 76.109494
1.058579 66.819411
93.193367 97.645688
69.354280 13.303750
85.638934 57.584186
21.939116 54.249601
90.928156 19.511727
74.193028 51.726579
27.698304 11.134506
91.274809 90.335475
66.761788 71.742246
36.074724 88.425585
8.237312 67.285149
77.374903 26.881858
69.263093 85.294352
43.512308 64.417571
86.249457 31.932714
95.453926 33.165328
54.755086 69.108642
21.509263 67.877732
16.447968 62.807981
40.105909 93.717636
93.156330 91.855258
20.300492 26.745280
23.342758 73.646869
21.470663 86.976339
64.347969 92.453706
97.762860 31.933823
85.734757 2.645081
47.552593 74.813622
73.828631 27.217945
21.396275 42.840952
90.300017 17.191986
16.114221 92.950396
18.522183 99.633629
37.156382 36.398339
30.818182 22.013789
80.012251 14.554053
66.131941 1.506145
32.862476 28.026712
59.245396 62.856511
50.573849 20.179263
4.333617 75.566723
25.281559 68.370524
74.516399 56.689532
44.407481 7.844498
10.392991 90.072149
16.098522 40.541169
5.431507 5.538331
0.978485 73.233336
37.797661 79.454066
9.352320 2.034275
14.374291 43.055896
7.799991 33.648654
93.685573 67.414461
45.208771 48.559622
75.617558 97.940472
45.115849 67.475951
90.086505 16.184708
41.130443 6.735202
43.237933 92.203196
1.012992 26.708761
80.323884 9.762642
1.892242 89.324464
38.154792 44.074723
34.737523 97.359074
4.073143 2.212390
39.978907 84.216890
26.045782 72.184748
58.356318 53.136994
90.559801 6.001012
46.480735 52.357969
84.868567 43.606202
21.996299 59.657979
49.744494 83.274179
66.292364 63.348304
57.780077 86.733615
19.674338 31.424682
35.796712 3.367851
2.224437 6.481544
4.457697 84.733742
98.271753 62.667998
74.872869 76.141765
7.284925 94.257480
74.243684 13.633850
28.590637 82.791575
64.556202 76.300104
29.047756 5.850275
49.609025 87.279882
73.603917 46.116762
35.482602 3.617841
2.773705 66.017281
24.764608 35.596302
53.315501 51.457872
45.415214 54.558652
69.329765 23.519858
65.080883 61.775484
58.321255 22.605580
87.112688 67.473412
19.530138 28.171909
19.200119 38.825013
6.838602 81.501799
39.781602 79.843854
21.811242 92.703531
38.768847 46.169632
75.114040 26.563697
7.130807 9.796436
62.674423 85.171417
79.274088 25.255641
20.695630 39.083063
1.697042 29.214438
76.594157 13.121066
4.471820 55.104156
58.121158 10.406140
25.324300 1.822648
63.421171 19.152713
87.695799 97.547896
50.730720 26.030931
55.342891 21.422184
45.895463 41.987097
83.195302 56.303169
81.773772 26.030474
85.294223 96.284730
42.390193 96.437064
96.451691 2.174329
84.514005 55.066023
92.803562 63.168771
48.427874 48.258006
18.689711 3.344745
67.308835 9.861201
69.768429 62.086457
15.378795 43.973116
8.316626 28.321522
70.716100 65.068609
85.177085 74.892955
89.535870 35.487610
6.968882 15.574789
35.360829 50.019318
17.639958 5.631089
9.124624 90.521176
13.103527 6.357432
74.431846 61.633729
78.648157 7.663353
20.762154 34.454452
37.272549 23.697695
17.826175 34.654411
10.990048 95.563382
96.596975 39.841484
50.167449 26.126429
7.479253 60.702950
61.532811 47.058382
37.987852 12.735021
87.914097 58.477848
15.094284 7.578821
72.654369 45.532787
89.553182 9.410575
92.017943 57.280897
39.234454 76.401873
65.582224 90.745751
20.511780 90.902360
93.822508 63.262091
51.533499 39.655419
30.338479 21.157589
68.951079 51.626712
66.568849 78.480215
34.979620 50.454429
33.701007 50.284190
79.715337 50.847901
34.307423 86.170118
9.715197 1.656556
28.828824 70.059649
74.523715 38.032570
10.137420 6.266679
18.528451 52.607259
2.531692 64.037978
87.609756 65.752264
2.895571 15.000009
80.857042 78.541443
41.069172 63.554575
69.906754 22.629518
86.964075 77.376266
54.067504 81.251233
43.679919 20.517533
25.810865 32.625591
33.675745 98.477987
86.776354 2.347746
72.916265 76.812929
65.557771 75.306765
61.292994 23.200946
1.619944 82.519092
43.581979 7.203427
60.637255 29.296240
92.297960 73.246207
14.358538 64.878018
21.830730 59.073746
41.587146 69.054612
43.895284 80.955591
79.356791 69.440121
31.606192 87.253543
36.496317 41.411948
3.865604 75.149952
31.828920 76.608778
20.200081 9.747050
18.030172 31.811663
71.950433 60.359481
18.680046 17.533131
71.240841 12.567655
18.849848 20.646175
73.294221 45.435040
5.220368 76.435352
75.933145 4.291688
30.107545 10.323607
37.028619 9.515397
75.791417 72.853576
83.485857 12.353885
43.745853 1.023872
69.203328 72.479957
99.150842 84.525324
70.411250 62.036010
35.654624 37.461442
82.765739 45.060658
29.970842 55.690582
13.921295 12.350980
34.349183 60.661200
95.561720 10.235666
24.376504 19.001783
73.170126 95.092754
76.819589 94.769144
33.247611 48.717805
40.133293 69.179297
78.122683 13.318230
48.354039 36.079100
29.918758 6.160223
99.441857 78.642065
67.098038 10.196455
17.051396 48.684193
75.543378 35.350587
12.269978 13.387878
15.524777 52.728868
33.670521 3.023546
16.231022 19.145313
86.653512 22.107985
7.253673 89.820560
50.055009 42.314586
3.416173 73.665243
98.635560 70.671073
97.686890 41.508055
82.887467 80.681924
43.424733 50.604634
32.967637 38.117448
92.661703 1.852333
45.586937 79.711200
97.089128 82.979744
30.278253 84.012264
18.434204 74.458999
17.470783 48.805609
22.590877 89.819214
6.948873 1.933038
35.286733 67.262446
59.188196 17.451480
30.401264 89.522695
49.766667 50.499906
86.436244 62.675901
16.525378 11.959594
58.349962 48.990526
19.468135 44.628281
17.236627 84.248304
58.568146 28.811005
36.316824 30.178371
51.911544 83.176565
37.936821 67.721628
44.688136 3.045322
34.761834 54.947452
86.560034 68.235245
33.976968 34.811866
64.288736 44.931505
67.525197 57.823954
75.662146 64.451031
36.393790 14.843558
96.154392 35.619205
94.023270 21.856473
53.893961 65.496102
48.505472 27.248482
1.552486 56.785963
56.107399 74.902821
39.998052 17.325058
98.037696 53.146779
82.325357 48.594041
32.233796 23.701081
31.362381 33.239651
71.986344 51.037870
15.471735 46.942725
18.110922 65.875499
12.338285 55.896552
86.000788 20.179555
27.713214 78.351912
84.998756 30.736997
92.708104 63.455864
62.366655 71.664951
74.463014 60.736273
24.213878 60.831467
77.648576 57.818911
19.224283 7.296659
44.041262 47.366171
45.727331 83.725137
62.579243 61.255454
27.104742 71.216378
5.619371 19.658774
73.079747 17.075307
92.476374 35.996504
82.460887 67.783671
22.314590 19.821765
98.906902 4.951908
79.571389 13.598256
14.892407 60.151099
52.412257 27.858444
70.177323 95.042768
18.426135 14.630863
87.714964 82.739389
59.687457 97.458937
98.764707 80.038819
75.363664 8.463098
52.361346 17.030864
13.954468 57.532948
5.681171 19.196852
55.682093 56.452151
64.316943 19.127694
51.185944 80.247996
61.633834 16.282651
34.070388 7.201988
42.671697 37.467362
74.210437 37.890316
54.729874 71.396698
20.513186 52.519817
57.920924 77.863708
23.233694 85.373286
83.037542 36.966325
93.779460 23.852384
76.836276 91.534393
76.433169 99.987859
25.607067 51.216703
56.662381 1.082160
90.856043 47.943968
62.945958 58.254568
23.231606 33.504833
7.934890 58.150246
67.763840 97.649514
57.233524 6.387598
50.819789 48.794109
13.089276 4.200314
26.372576 52.628775
83.015441 4.368286
79.686107 74.381515
20.430284 74.671960
29.198989 59.194619
44.137893 59.286116
31.762952 81.484833
80.786159 90.101936
66.907695 40.658799
7.014581 48.470797
26.107950 74.377812
45.365241 97.783571
59.141592 88.207409
24.290671 56.173509
54.723417 36.588552
86.742363 0.944158
96.038759 14.814325
10.719227 21.646083
21.121349 96.940270
8.139695 50.420165
65.558305 4.935472
34.586242 23.394439
33.832390 12.151026
87.743848 43.335128
0.545011 85.605560
30.030498 66.288415
71.909285 89.092402
59.738749 43.056592
13.420571 58.807616
46.090473 33.152386
37.028398 41.542596
76.894044 46.467677
64.586108 37.769995
31.609632 41.027986
51.168384 73.607870
32.477291 6.326243
53.906459 16.851514
34.988613 78.818398
0.413465 12.522663
25.414041 58.071327
84.703082 87.866638
91.749370 5.830430
90.503146 5.235313
80.936192 6.416090
94.617343 44.979609
7.059114 2.442586
13.808217 0.760152
23.927872 35.582473
1.025388 58.117325
73.950723 26.213439
37.873567 62.587305
69.336319 81.464326
71.754809 37.942644
1.230504 6.905243
52.402331 78.823657
65.372258 9.725547
71.030476 78.774686
41.027587 49.461764
90.714521 17.823773
2.026678 69.500895
13.295786 83.394092
48.205811 20.137090
4.674779 54.853653
66.010332 10.313519
67.915760 77.385354
19.955893 77.645207
66.018193 30.831298
76.854306 1.428379
38.666885 92.706217
60.278643 94.066588
80.130692 51.816229
48.865632 47.684083
53.658553 16.628034
23.185274 8.492304
57.214578 16.618000
8.234065 94.483621
8.191745 49.138533
49.273580 40.996778
68.892668 57.445945
30.912209 1.677586
65.623028 85.639897
5.207476 53.659896
52.866358 11.254815
75.892837 43.904139
9.132526 32.909141
16.428487 69.462560
35.488442 79.660813
74.159261 99.902262
76.989660 84.497661
30.866423 38.521928
83.193583 4.895695
54.795698 41.451559
90.691577 1.862291
6.439146 20.379286
0.326156 76.018414
41.297567 71.835639
46.074784 2.325998
55.245784 20.768168
94.455401 26.331690
37.972876 39.958524
43.666606 18.083339
43.898446 0.699456
49.054834 32.220744
96.344929 73.523514
95.062214 79.999524
69.015964 13.138512
68.082522 38.906586
63.105729 3.491743
72.858813 88.920412
95.474920 25.115503
78.612233 55.995112
49.426539 95.109277
96.800354 53.965675
81.649925 36.578109
9.169684 49.122780
92.160958 45.683745
61.811673 30.081202
59.165587 54.561405
38.688291 94.747382
72.065812 48.760366
69.045579 54.299789
83.180681 56.142083
90.270286 93.032578
62.124287 25.376395
23.178776 16.036982
77.852506 54.054117
80.836422 9.820142
92.833603 77.172599
61.822520 99.828209
99.744586 49.433738
2.804145 16.930934
54.046926 14.983476
75.102792 26.138331
8.608833 76.254845
23.887199 65.860673
38.161823 44.021828
94.465331 11.809263
64.690339 25.593657
74.362085 94.368630
9.946466 75.617137
69.582889 67.602820
82.653314 10.470069
17.365812 39.597227
28.105608 98.663830
42.003719 4.998632
55.284895 27.229661
58.221245 19.360120
99.777299 35.527083
37.726219 49.276929
70.934357 42.690972
59.908718 83.795000
72.332406 16.270838
74.439294 11.607082
66.584038 72.855899
85.980223 89.312097
30.171967 32.620144
38.315134 8.931769
0.670462 32.090014
39.360530 69.765440
63.622231 74.232435
94.186548 21.383799
36.781239 66.912968
31.508502 6.099610
39.302380 76.133992
54.445311 6.716272
74.488727 26.289075
85.731491 96.706918
59.366912 47.366364
71.779271 49.696230
12.346017 73.172415
13.878889 45.637312
88.490081 93.202650
43.506806 86.380845
76.719634 0.494852
66.652199 31.817302
86.144196 55.608383
48.800324 83.494350
18.554747 15.325767
71.002317 70.429940
42.371838 93.504045
55.420850 95.066939
46.065080 57.838544
74.566838 92.270024
91.355023 39.118747
51.626389 10.593818
75.652660 92.013401
85.182569 15.780573
32.148510 93.638623
70.675702 74.421180
22.971428 95.484834
63.055679 66.286738
38.555338 33.876553
91.667716 63.544846
6.416499 70.833216
60.341221 58.625686
18.197729 43.630341
10.654338 91.817939
99.808946 21.827398
98.060582 69.382321
61.700167 84.311756
67.309307 53.513397
32.084205 88.432232
47.384019 76.987750
93.541269 38.072515
75.607602 51.636460
37.457523 98.259010
98.156454 18.582718
57.705763 2.592042
94.649299 22.750564
17.073417 46.107438
71.930218 29.938362
61.396267 17.924123
9.251040 73.571335
41.724475 82.683141
64.838585 12.434049
12.504039 7.171801
40.404443 26.949770
33.734479 51.531158
43.642694 27.979131
27.939003 24.806290
76.282397 64.119419
58.299543 70.394855
60.079973 54.058399
11.325143 40.245983
1.505049 58.516806
9.739804 63.250792
42.365742 64.773002
43.101703 42.761580
32.653709 38.617706
65.557493 57.672908
41.175715 54.840365
60.549088 47.037558
39.432185 85.845476
19.531593 33.069095
10.712604 90.674529
78.116040 0.468300
48.694863 16.438530
92.223474 27.048340
57.986792 94.685365
78.931939 74.704718
70.091100 50.707377
66.744715 85.929188
22.299077 54.882788
13.528985 14.196859
79.475791 87.958071
56.925415 21.002623
58.636291 26.017268
82.347001 25.704964
57.327258 98.693303
32.140859 45.601448
38.510069 58.625574
44.115696 45.007174
93.984109 57.988799
35.827744 79.554368
49.777005 83.719901
5.284340 44.797167
90.536788 92.432717
26.515688 67.683865
84.677382 49.700481
36.957068 57.978834
40.646014 57.871400
88.932023 49.208353
23.149655 49.658265
14.828455 44.573319
14.161217 39.122549
35.052768 40.693068
20.531252 88.952152
93.375422 35.384393
47.366176 8.458643
39.478851 52.654103
34.052761 20.725155
45.858991 12.557440
60.331499 64.655226
67.853765 89.610491
16.560824 85.803962
30.838428 89.931330
73.142880 66.798234
68.388301 7.867429
74.745441 61.295461
62.421717 31.821277
80.233046 61.874574
11.663811 9.488953
52.848435 49.890642
22.745364 91.453095
91.150186 36.885348
17.848660 62.923259
19.009543 29.960512
60.629956 3.653248
32.620546 44.236532
50.990438 2.489125
43.651251 67.774788
2.419795 58.493171
33.607377 45.051515
86.047294 47.513228
45.966089 52.683481
46.816832 20.891774
66.110540 95.703038
22.212013 56.640659
47.885288 96.662067
0.785704 96.455696
65.797020 38.528202
51.304758 53.449844
90.135153 89.108976
49.807457 74.433077
55.100784 36.857537
25.190167 96.066022
69.049413 67.280821
76.997837 72.527474
62.488594 77.114962
31.410665 58.924486
52.593139 89.865261
96.388805 88.671113
13.017587 1.632871
39.349036 33.862935
83.815612 91.603945
41.854951 20.650753
55.133455 69.264512
3.779666 19.346695
71.235428 56.926347
29.127798 30.020698
51.686360 63.508722
39.095099 99.501140
12.367724 99.967871
77.859673 11.935982
71.241363 70.720146
84.267973 18.492731
64.650395 86.066678
78.215794 77.744985
25.376387 55.110416
10.191539 18.989037
36.707134 99.190250
39.952640 62.734025
76.286941 21.796148
66.208048 32.133259
49.395600 73.971619
4.638311 96.872137
44.627500 91.743867
27.568740 33.252084
38.515135 80.289032
33.966983 10.113601
89.789880 17.781594
9.055456 16.526194
18.996379 11.916957
39.392832 59.191585
45.671079 25.918091
63.044272 99.176898
58.598024 99.852755
96.538154 97.714103
78.249513 28.245547
23.487383 32.837467
53.777631 28.939660
80.572806 5.232677
82.120155 8.721247
63.198320 61.866750
60.055961 39.427120
33.703007 69.285292
57.710655 74.314463
85.952387 0.519789
63.233782 80.898254
8.744868 89.684832
95.500124 27.661210
29.424718 51.593125
0.835596 79.759571
54.747689 93.147828
37.148198 59.472326
41.124248 30.053435
75.341709 92.552533
61.720975 53.541306
80.634712 18.139827
53.193252 12.688747
26.635672 93.637059
92.771197 38.190437
2.696960 66.753450
18.480267 69.482058
1.320339 47.609699
6.465528 52.542773
54.221201 92.417986
45.100741 67.400350
8.756491 15.303663
67.064870 40.516871
94.640734 68.613874
16.263205 66.966408
86.013971 79.094323
93.887307 35.574590
54.070069 82.837498
96.112365 8.699321
60.659115 21.161331
1.708600 59.815611
6.464456 91.470758
79.868056 63.063392
53.677789 79.566713
78.695795 80.627835
36.594514 5.930695
99.483797 95.311003
46.329209 61.513920
71.410078 41.530461
85.633680 98.398059
57.907110 81.995111
85.613904 97.377639
12.943575 1.781007
49.740440 2.170875
93.178913 3.395641
72.142368 99.508551
87.751932 77.385776
71.273366 46.418350
80.743249 51.618892
37.629298 36.746873
79.588660 30.327537
54.406724 70.682484
26.427235 50.329786
13.425651 15.319441
12.644927 42.452695
37.058358 34.636140
48.329619 56.393928
92.311828 56.944159
76.251174 0.655242
95.242132 57.673515
59.959361 37.609283
70.699288 21.304871
51.074317 53.484499
61.885876 10.140536
83.343747 5.852326
78.443487 28.278440
29.380820 99.811778
52.300971 15.139587
72.714855 67.012122
72.966692 32.185296
84.347632 98.596692
58.971043 32.799859
51.054046 5.206374
71.653533 38.644498
7.548815 93.726602
2.565885 74.054398
53.697142 74.404265
15.051071 92.301614
19.841536 27.407633
79.176855 67.941332
16.183053 84.959957
15.581019 53.658832
42.261894 81.227884
18.572765 2.527364
96.774348 92.153378
60.742264 84.710846
11.848502 2.894185
