1000
48.658615 53.193964
55.675461 92.625686
42.444713 76.054776
15.921430 37.014976
12.934431 36.019625
11.976916 55.770599
18.034754 19.004605
41.741488 53.486080
40.597366 66.680570
86.340984 33.177083
48.968967 1.212560
23.851644 50.460477
25.156399 71.833572
90.779350 82.740084
10.684645 61.303865
81.608371 69.718581
18.686006 59.927362
61.428754 50.296950
61.897647 88.084325
92.964003 99.337684
98.641970 63.228314
12.523894 10.691802
52.091395 19.747452
12.930912 76.849471
90.587349 4.996868
17.137861 30.014549
19.571547 67.787348
56.611978 15.413534
30.194948 13.027511
43.925687 21.114470
27.128445 66.850870
23.419051 37.181761
16.781674 38.940889
47.227726 73.266252
2.778516 34.956074
28.655721 63.785976
22.709289 99.681776
64.651943 59.817627
29.627170 25.603851
78.161122 46.566049
90.297517 60.487534
69.836167 68.009401
50.383399 60.928574
90.957604 41.002507
98.970040 43.161006
21.164424 66.417165
61.127694 83.985421
84.654561 41.457439
1.339804 56.111400
81.932114 59.687569
4.889666 28.963509
93.474283 41.786603
85.136530 79.414569
88.656097 63.232129
1.533674 74.918470
6.962772 27.838573
31.982220 41.665936
78.693350 71.992572
78.889159 62.900217
83.759332 43.188741
7.271220 39.448919
49.312504 86.854783
74.705379 44.372310
84.229602 70.551958
24.488961 34.185211
74.151490 55.287161
44.495778 11.181444
10.875524 60.715251
41.683813 40.060615
15.292819 42.815362
43.242282 60.953196
25.424296 49.092109
25.575137 69.668489
4.016341 10.474461
2.199267 81.981179
26.183522 59.223531
54.883114 69.492778
4.842731 48.381886
64.532064 49.336980
30.689450 58.831796
38.135596 41.662171
10.358132 59.703029
95.586670 5.917510
77.169052 45.091730
2.787758 5.415329
35.610121 28.319600
93.553425 5.252998
7.654870 17.207797
6.717388 94.560279
20.836340 22.603336
74.846678 31.002461
13.085445 30.833330
3.519705 73.308932
30.787971 62.701284
67.327905 98.166032
84.533937 10.725461
99.926792 4.663543
64.798670 55.960283
0.973645 43.137456
3.950841 70.481367
56.382894 23.835614
20.496955 43.694671
0.645549 76.108026
14.930635 84.293599
12.939011 56.935553
48.989465 71.679693
78.887462 59.429993
10.206367 77.458188
81.430679 36.991072
69.082798 21.996766
94.946140 73.117245
16.545403 85.320000
4.320644 22.740930
69.993709 33.691425
49.136258 76.907885
61.779981 43.871537
53.120898 14.502329
68.049906 43.689126
76.825258 54.761020
34.068706 81.980423
44.726565 58.716613
74.332101 74.655678
24.338288 37.534980
51.197838 94.250214
70.597264 22.053942
99.242847 92.944804
28.748021 11.565757
18.502236 75.196649
53.672324 39.263759
43.812527 79.215827
34.455188 32.326938
52.778644 75.280212
9.464271 79.598237
78.043658 2.315337
73.234112 31.473987
57.369235 63.440804
47.375336 99.058685
23.084928 35.836726
71.186116 77.234623
4.149804 36.942774
31.743072 41.508637
70.543356 48.901808
29.490324 53.528192
89.791456 89.082606
18.209208 66.680520
72.324398 80.494388
72.347939 33.046974
98.208851 43.987945
74.462873 45.957164
18.106148 91.282383
16.447493 2.474490
80.168809 64.867120
55.657837 80.710782
97.736558 11.515140
21.207415 29.985846
28.990758 28.945888
76.586006 2.990379
78.373901 54.714606
78.195816 70.011632
46.729680 8.300955
62.327274 32.173581
56.768318 9.754987
59.752610 67.118327
40.053668 50.027553
38.376657 25.157432
87.445863 79.524066
14.955023 70.924281
56.130878 1.808695
79.972510 66.376762
86.826560 84.024748
25.383358 23.229262
35.816509 29.176360
3.195427 37.090499
41.008540 99.822284
77.581021 68.109072
35.505660 27.339135
9.071902 74.124701
56.522938 64.813735
1.135781 10.004326
58.179901 52.955649
19.456643 45.520674
83.171232 71.696906
17.563206 75.069099
73.933146 82.709668
11.650935 92.602350
88.808928 91.466262
63.710185 8.306757
24.076254 74.973783
56.400789 51.433860
43.415633 20.488818
82.414611 28.692917
82.518068 60.380511
16.782289 27.227799
43.482610 31.570343
72.879633 3.936240
63.310406 0.056446
88.625028 41.191005
31.865683 15.765016
44.338250 44.558796
79.078615 92.026735
67.427722 59.893114
90.927858 43.176698
17.233869 21.317781
46.199747 95.394570
21.736231 99.367365
54.601946 43.270918
80.685313 3.448906
99.563776 18.824592
59.440103 5.995483
13.383250 80.306074
54.289779 91.457208
69.386231 66.607595
47.536508 50.427935
99.595695 15.615172
0.706763 44.012351
97.558430 37.931962
48.882388 66.676598
11.530126 14.328687
97.230367 42.949344
58.629265 86.184820
13.430500 31.172943
90.975955 40.915562
93.064180 38.744666
21.705887 79.230524
90.827203 26.348130
50.381185 72.285445
97.716602 25.309441
14.091684 40.521066
79.588643 45.596840
39.947522 32.639831
56.121456 96.992127
48.901558 93.637816
87.372595 71.324998
87.440833 4.309872
67.569940 70.292818
4.507315 29.915564
91.397000 42.679536
22.314352 25.277079
23.151160 85.213173
6.845075 99.650510
4.171156 35.509947
51.761641 72.141448
89.497766 36.560115
83.424142 96.568760
34.028866 52.773031
86.535214 16.053146
3.925312 27.512037
72.453067 47.240586
0.665296 99.192632
5.215718 6.902185
68.362628 95.236955
85.023251 58.317308
55.499496 10.789280
67.038685 16.754020
52.914058 80.081541
12.591429 32.834872
51.486707 81.602967
71.738640 69.528540
50.614844 93.799697
83.236503 77.754223
95.366718 54.630717
44.983030 54.208967
61.823813 73.057259
19.546598 77.752988
15.280207 94.618027
50.213662 98.299589
96.806149 40.270030
3.808124 68.860421
46.736740 84.393262
76.916630 31.192305
94.130071 33.230175
7.192954 28.156669
73.465370 81.972881
53.785655 0.802172
66.347399 36.547953
40.866349 70.675794
2.264664 26.118717
85.455590 27.878502
15.109407 55.335843
31.749490 95.621772
21.433520 82.623352
56.982612 78.066702
83.079030 65.648697
39.794008 96.242732
99.785795 5.666998
71.491224 66.201425
78.599627 51.040830
43.775391 79.503414
32.196155 87.975011
60.756383 68.473856
45.398248 70.186105
19.227051 73.284320
81.766525 32.026493
89.683350 19.939398
25.982562 22.854342
14.927693 22.514799
67.306656 13.286621
33.015899 86.068261
83.679741 81.101278
42.641386 48.454285
97.506701 79.628470
74.073054 82.865872
59.984076 26.938775
99.236730 54.991873
9.832771 83.557251
88.497494 21.391680
37.608516 30.105133
59.429451 71.116081
5.806101 22.187255
33.555221 47.018337
29.212249 49.928254
92.380944 54.465544
5.541242 25.687421
33.882614 83.911952
3.608281 3.610656
57.951296 74.043505
34.479806 67.861688
37.275877 97.124051
33.415537 30.745258
5.724255 89.704262
90.503416 41.215845
33.034702 32.197727
95.221209 14.247530
16.063895 26.291584
86.366659 50.426019
67.152861 15.062790
18.125937 57.823926
92.173882 6.489864
51.136759 98.326608
18.318778 3.683613
1.541109 50.593429
26.559069 65.140766
79.793114 49.098991
75.044183 69.256770
36.071410 17.915705
49.068769 39.937126
92.816138 46.838600
56.860059 2.947842
71.054755 85.893335
0.198024 97.369309
67.003799 51.473268
63.841960 3.896291
13.184406 3.067981
86.418482 46.063106
78.212064 97.571334
1.301474 57.502357
27.089065 96.106109
89.063379 25.435859
13.980675 76.125879
64.015355 44.837717
84.308223 51.376602
73.032460 18.340751
31.172169 79.073689
75.584116 96.426251
23.986591 71.190520
57.180452 4.443329
57.016756 94.356570
12.102331 18.381242
76.066181 16.506368
68.526185 66.180055
12.522990 23.571278
82.566461 75.423783
22.971665 52.713836
32.855556 88.275041
61.157808 56.611200
99.224411 76.520072
51.538098 10.196479
67.736492 1.016407
56.138845 19.867564
36.384848 21.344023
17.687930 52.798230
11.848181 86.827780
11.280713 88.194767
22.003837 9.641039
41.426592 10.298481
81.369055 40.191232
60.220943 99.232190
56.549175 39.411890
31.124300 55.556211
42.090090 21.780342
67.032174 42.944301
30.960361 92.191879
60.906055 26.525780
87.965814 39.498149
61.357807 68.336553
62.244567 47.851457
70.884642 50.020382
14.766703 88.737312
24.806817 57.297475
80.731012 5.093024
7.968754 13.425285
65.461795 95.406132
74.403785 33.368862
65.397808 22.633057
59.412947 31.049026
95.167281 53.033558
50.223403 71.276529
32.039150 19.758135
20.442265 13.922321
47.318542 36.115912
6.682530 38.087435
21.491925 6.378933
58.727554 88.584404
82.713564 28.010311
82.740044 73.402066
56.529905 64.308293
12.331732 44.420384
95.525168 40.126670
27.715491 44.115585
24.233752 76.306214
11.632072 83.702795
4.986027 49.421219
60.705871 55.985952
25.110469 47.005481
8.162263 53.200119
86.803549 25.753385
81.981647 54.956668
26.710294 36.298261
67.232225 13.481363
83.594572 3.898418
80.543547 69.009616
83.874698 50.029892
85.870481 77.046330
72.309634 8.687143
92.287138 30.676536
35.453236 78.890710
14.033602 11.773033
12.381122 79.975173
35.700660 48.711104
79.295244 38.608451
58.448048 4.608635
43.510686 30.588499
39.064161 24.503615
43.713595 69.886825
56.033200 27.972891
32.269863 31.444064
28.077123 57.516357
57.271360 10.737103
31.203795 84.608400
82.235504 70.114611
99.219602 65.168967
34.668113 67.959778
69.003116 74.374436
25.811217 88.607602
83.798329 19.909888
14.618798 50.115359
11.409192 97.472034
89.730448 25.515298
92.551974 67.206171
15.968028 58.347339
42.174143 74.804252
15.582698 56.808403
97.250780 62.938513
53.785516 50.122715
25.293255 99.431737
80.775223 7.898153
66.834163 52.379709
38.624989 44.954445
62.016621 7.387897
72.743759 76.761639
22.618095 75.384911
7.149602 92.551983
69.637128 1.389307
67.147304 80.583674
92.082219 6.687678
74.929934 83.107481
60.549348 84.974792
49.421934 62.537247
83.047608 77.402959
41.354494 83.191406
18.984396 92.092763
52.810496 91.378521
5.377972 47.957296
0.429396 22.214518
63.459770 21.585848
56.206096 4.050124
33.970504 24.615558
76.399648 22.121351
7.604217 19.137784
29.631470 82.031240
43.514964 49.176501
91.769363 8.763296
74.837363 83.150083
28.759099 28.768462
33.937459 56.875133
97.059366 36.917427
45.309162 50.542767
79.263382 2.431245
3.384670 51.426261
51.558494 4.345782
37.078311 96.202341
54.966904 54.387588
80.833098 98.649715
85.810603 11.199332
68.977841 66.435221
70.788465 4.006406
1.507223 57.149475
94.781482 44.232228
5.691547 29.262721
68.414927 94.675198
41.639757 35.618099
18.128565 91.135856
34.943892 80.971490
28.433982 73.393046
15.407449 8.562653
1.395052 50.709255
82.817160 84.785176
90.804316 16.755500
34.120091 41.540754
98.160406 65.157814
55.697006 54.783102
72.449315 93.915419
58.449476 95.803171
82.461700 10.142069
65.820574 44.361055
37.478737 21.199051
51.114159 42.143065
65.671794 71.607180
59.727963 28.891004
72.814418 3.415704
19.285642 60.368188
95.486152 86.541656
55.182182 93.811968
22.681170 20.124102
3.796521 77.344634
55.500384 28.393188
61.425793 95.973806
96.668201 55.043728
93.031261 15.493206
87.419200 58.071974
96.983601 99.539125
62.120943 28.392212
71.205981 30.782974
49.877265 39.444051
8.574657 49.341890
83.375817 64.486675
55.863393 58.791564
86.260150 51.758092
79.641157 73.414792
22.484240 36.214866
74.998470 17.406516
75.935704 24.133600
19.771162 47.287513
87.705664 69.581839
43.157518 9.886892
60.013516 1.021923
1.006551 49.173752
68.773324 37.740212
9.667622 13.694561
23.588182 66.360763
78.868450 39.198000
62.684072 46.925785
70.423221 47.001321
20.917911 73.336535
27.628136 57.209082
86.876726 75.212074
45.402829 98.782294
81.460993 13.791123
33.190514 67.823172
38.863388 81.366761
75.403092 2.909869
46.897717 98.660783
36.069214 1.699691
95.501943 53.170889
73.336558 34.435437
86.973749 98.473991
65.732908 48.986343
37.456848 45.317422
55.439184 20.028717
7.189027 17.126363
46.452753 83.891702
86.059112 47.404430
90.550459 16.815026
76.526316 4.743201
90.897978 2.278537
9.161267 56.014064
92.645860 90.773772
39.916417 53.671916
16.796552 66.836774
67.391647 30.412881
61.681322 3.471627
33.251359 25.944105
43.770314 33.838146
87.256869 94.495295
85.696140 14.828752
81.717549 72.014221
38.861968 69.287975
43.313726 9.061817
16.001582 12.869344
40.852833 93.305217
30.724275 73.412008
40.713648 4.095248
13.746497 94.161907
52.478484 31.622763
11.907192 80.503044
2.782668 77.631789
47.173521 57.805229
39.946486 46.592126
82.111209 57.952045
17.298004 65.308353
77.675076 66.373565
83.114928 40.498570
65.640176 89.131875
74.053964 86.202487
16.444330 57.708669
17.639268 64.253940
74.253013 86.126786
84.461861 15.796607
92.146804 40.779242
78.419720 64.296227
84.153542 3.861245
26.768199 81.214915
70.885734 31.082847
84.961152 89.618558
4.465945 35.092959
15.684320 16.882042
4.999280 36.764654
71.397096 91.148063
54.133638 49.317029
95.226102 42.172927
63.591234 25.786319
31.238720 87.259102
3.815140 81.181812
84.234923 51.634110
95.770302 53.600215
0.994450 70.565127
58.744521 76.167659
87.257944 52.273949
17.996663 11.401750
64.140156 12.729666
53.239852 41.886182
75.892380 5.109754
42.406978 32.399607
13.382872 13.239776
60.789702 44.603418
43.178619 60.254274
32.395413 65.627533
4.351266 43.423980
88.927520 17.596193
67.646988 1.218211
12.996357 5.983796
75.669364 27.378786
94.057376 28.878418
59.872320 13.503656
30.765528 31.287504
31.610567 43.297657
34.846786 10.100059
87.396155 39.364298
82.796228 98.494518
14.351633 28.546971
31.551535 18.869734
91.224769 7.431738
93.685360 82.054508
54.372620 61.785208
36.300920 83.613957
93.816362 41.429494
88.987961 59.500318
22.893038 28.836281
87.299820 26.028425
93.610595 75.343469
39.935214 84.269833
53.994293 21.972430
79.587549 52.315931
25.603678 94.119420
24.423945 43.654183
32.200131 7.254888
47.714777 11.559969
15.198657 40.889958
94.832208 89.436529
2.333163 73.312578
16.142903 57.858465
76.201874 46.210089
94.786433 43.672041
85.591119 94.763253
46.024223 14.870825
43.329407 12.284499
38.374090 87.998328
95.625387 66.251120
89.338658 39.458530
81.938040 43.939365
52.594069 13.908614
40.378059 18.535300
45.459745 89.080006
19.732172 56.370584
1.833580 82.096462
7.387735 52.370276
16.672775 50.055328
97.207736 75.159749
12.091783 97.816239
71.149916 57.754918
44.771312 47.573181
37.853490 83.867894
16.039508 26.058185
24.519914 5.571884
95.204007 74.153455
64.091343 1.284530
43.655326 94.069676
11.297906 76.822868
20.597762 25.950594
13.566022 4.626246
40.482949 1.603276
32.163177 98.078413
11.889652 52.424058
3.881416 44.496809
61.396307 71.377827
86.292774 32.797268
21.010674 83.695951
97.042749 89.475737
44.127924 31.027812
45.725421 23.525985
14.664599 9.351223
2.553415 8.386710
77.752361 25.634861
9.737495 41.128813
46.968644 30.788483
71.106223 47.515703
74.421322 30.742571
89.810420 76.236687
10.624363 16.145040
8.662204 12.989718
27.236242 7.505666
0.492076 52.425908
35.216321 22.815630
92.020165 49.985881
16.262665 85.398066
14.376567 17.063204
39.914293 42.291116
91.286252 40.409145
91.772780 42.241678
66.248593 17.800310
35.168886 17.523301
84.862766 4.088899
15.527952 26.322651
92.563230 61.462679
16.544431 9.979849
46.665294 29.484736
9.846011 0.840737
57.826682 31.170639
78.611496 67.720576
44.883518 84.760159
96.060092 33.580813
37.058123 56.465552
85.977482 78.788746
95.847518 66.404865
50.380745 28.020046
5.149374 86.436187
41.015819 14.514582
82.248506 73.714236
2.405456 70.157123
88.260068 56.192974
34.584022 42.778464
90.154613 99.182481
23.519925 61.096391
18.090986 43.164664
42.839451 54.807452
83.011846 36.813526
75.506967 92.614109
87.535213 40.935380
47.052126 68.177848
96.398257 33.636971
54.463665 44.521253
24.736351 81.750939
98.856931 14.804357
83.118454 99.232084
64.451759 28.613382
86.618130 15.599973
52.037202 68.206813
82.106546 50.642916
18.456463 25.275225
46.911567 26.868171
33.953720 61.624224
92.563590 30.679705
73.631476 48.295184
49.122257 98.287382
15.361311 11.727870
55.515574 65.116751
28.695429 14.391654
44.270682 65.891953
79.745950 96.183438
21.008754 58.865351
90.303414 17.983387
31.880806 78.529048
15.579994 24.808043
58.354239 53.171859
29.048000 28.728159
56.203420 35.163775
84.841062 36.365151
46.465876 64.284045
12.382109 74.672913
44.860924 90.503990
9.379139 42.468642
33.605742 9.990946
3.976852 19.413267
55.488902 51.153601
96.270929 70.006028
71.849499 21.261149
87.334918 15.601070
44.387029 11.562362
62.961694 65.541588
69.920997 59.267197
72.782494 70.131445
35.381819 52.691251
2.157487 44.696296
18.725400 64.434579
35.692690 89.228806
99.924948 86.027638
51.959169 66.109145
46.462136 18.718660
6.591860 71.793533
67.987326 57.222814
99.618884 33.169927
89.677803 69.290286
39.998724 14.660346
2.575945 45.577273
62.220511 5.483176
7.642708 18.129129
30.432855 27.243367
95.513910 39.401816
8.340690 65.001539
22.643261 7.134241
68.334499 15.666727
8.631937 90.620712
60.268304 31.113896
60.765549 40.709405
95.477558 95.235630
28.911956 24.767651
83.037414 77.126157
84.847407 22.589278
62.318944 0.911913
16.336317 56.965733
11.554272 12.027672
86.312970 35.262054
69.985002 47.524856
31.892846 90.374362
8.897939 70.146292
88.867460 22.079985
72.131669 8.661016
14.280738 45.680885
21.137012 76.105318
6.864609 7.702262
69.455165 39.905878
13.411781 38.899647
10.881009 54.682273
47.166475 0.952118
21.146684 74.218859
2.028539 73.384194
8.141157 91.498530
74.429815 36.808997
75.871266 79.743544
61.273046 34.847353
75.075661 89.648174
93.892159 89.240955
14.391454 4.874164
99.320932 2.825928
55.702168 55.960821
87.737062 63.424739
28.463830 80.382815
48.473000 62.739485
3.161405 5.544272
50.266773 82.903272
16.467903 68.137134
76.492737 21.453351
68.110723 42.282539
79.315046 87.449081
60.974265 66.761926
45.752189 87.913449
89.694611 24.981545
48.363551 41.791970
50.939842 86.167741
88.021410 42.174131
31.627274 1.430986
19.179976 80.838319
91.558591 41.231231
48.658111 72.911944
16.183149 71.190061
72.441508 7.018660
86.894515 65.796426
36.323443 83.212988
83.944345 74.688566
92.785196 24.044894
65.723861 0.572934
12.465838 51.887183
94.214194 30.315150
88.667420 41.757553
52.052907 15.446254
86.380559 35.845222
51.943327 9.592324
62.280417 67.422661
81.310661 47.126994
52.670517 59.973639
90.151650 6.351986
49.044957 20.648101
96.611803 9.795701
88.219492 97.915938
87.458024 92.937670
4.225918 25.207345
24.501313 49.440612
22.615480 14.686389
28.491809 87.795069
96.876797 48.057016
16.074479 51.584642
95.913810 53.092706
80.507955 22.116139
89.137703 95.020566
7.257126 82.094139
22.019781 94.478522
10.611556 48.242880
37.827069 79.175479
35.911262 49.829019
8.963197 82.286207
98.310066 42.591728
2.332106 11.132323
14.841621 10.749097
83.161227 76.948289
41.898962 91.753683
18.397508 52.469869
59.665136 54.624712
58.756638 54.250606
23.369318 55.185599
69.312792 69.124505
53.914039 10.848452
78.302517 77.360217
69.686813 36.232283
15.526572 93.455987
71.552725 73.096782
37.834054 49.888864
40.848114 63.738576
67.244510 43.364967
46.126423 27.413257
85.297551 14.192822
72.555321 20.888541
34.848507 99.446539
99.644359 30.105984
66.540692 18.414393
38.238598 90.037738
98.748505 69.733342
54.689983 27.530792
40.692867 63.207019
3.027654 44.138595
23.067028 66.636649
44.237143 46.803302
70.778410 27.824290
67.567403 73.074548
96.075407 78.573442
1.930899 79.355236
75.801507 79.762357
30.751687 32.651022
11.043735 15.152560
37.340575 96.441362
17.859016 69.785015
42.399596 21.084338
15.359386 62.100802
48.537029 83.342080
65.940995 88.013057
4.084851 6.579862
20.716070 47.590465
5.018288 62.561250
50.323775 69.010665
19.415603 94.184459
79.120974 71.775876
26.945168 56.895472
66.730110 92.097980
83.811078 60.755814
23.822834 63.734426
99.031587 67.975669
5.134485 13.902678
24.896713 85.731065
3.213552 86.532194
20.537209 43.501866
35.156599 80.419639
60.360042 36.430175
14.675306 8.235801
45.041872 29.773727
66.592425 95.200733
22.907046 67.883897
33.091950 21.090987
23.305983 35.602783
80.758424 11.833103
84.020204 23.548241
21.809662 34.102215
45.689373 21.759166
62.986720 12.818644
3.547748 49.924420
88.658234 74.120667
89.539009 67.010171
18.227124 69.895283
79.664345 46.993749
46.722894 78.938841
43.758111 31.213203
94.397880 70.112361
99.043953 59.758617
52.619131 92.817004
45.206516 85.103200
18.694436 83.498460
26.192359 54.177924
47.809473 48.348469
59.236992 11.234753
20.698921 21.569399
11.306397 2.107087
27.614423 42.774066
