200
34.412316 20.392442
2.499778 66.091201
78.820473 74.853018
89.325544 96.663329
5.021105 20.226324
88.455464 23.430115
11.043709 24.880588
37.112915 78.657149
7.148204 82.300356
82.668142 42.473468
95.929992 15.616024
78.144837 87.731663
89.767176 11.433278
99.453724 39.248321
87.465366 8.120902
74.348846 81.745269
77.790393 17.513062
87.715042 9.345835
18.476086 16.906244
48.003105 53.616523
30.296481 18.705759
46.152002 32.350749
1.741459 45.409859
21.660326 20.493213
79.280156 59.488175
51.484930 84.557004
55.946567 19.179328
80.832904 70.984718
89.557980 57.231998
61.600849 5.294060
13.642224 19.953497
47.499425 58.905784
60.904158 20.995690
1.085631 10.050554
82.888601 73.933424
27.333572 21.670247
76.474250 20.328455
94.671719 33.205970
19.996957 87.492484
31.991632 49.233250
92.019396 1.745968
42.293057 10.953940
95.080128 8.420458
17.925059 95.820369
42.104660 14.360359
62.335104 62.443255
67.368898 54.785064
54.516598 60.380078
8.164331 48.574969
20.726329 10.738509
85.644964 8.943137
63.997558 79.364391
95.812016 3.340133
82.175285 26.537846
55.020546 65.970256
10.426145 10.637618
63.961678 45.047832
39.775995 83.877035
77.750590 50.437813
60.042611 52.920946
66.093772 15.713714
86.936095 44.467504
69.818287 33.792897
72.629732 66.042661
65.472234 25.043121
35.951470 73.152470
81.877048 89.835552
17.217945 8.865552
23.234224 4.326381
33.781190 52.855004
19.442444 27.563340
24.313438 81.363346
15.174349 84.495937
49.730206 96.707852
51.618645 62.519140
91.596674 25.572159
95.646470 55.673830
72.591663 27.754173
39.882118 42.192243
8.769194 4.845704
38.481270 4.480445
25.895278 33.090398
88.003869 51.811802
84.673874 1.332554
63.517432 76.862349
79.558703 89.675963
45.157611 0.630558
47.743940 59.644382
37.370663 6.835537
81.598427 27.917904
65.536927 89.537960
74.325831 31.656836
3.209480 35.370659
61.600264 39.913347
15.590089 6.970805
75.182355 75.933988
69.383015 41.620600
79.277867 34.639647
98.033393 63.088940
8.642715 95.182172
56.784240 5.213739
16.987213 63.524286
2.736139 29.194250
49.492949 70.779618
52.536767 46.983050
97.688674 47.287023
54.374072 63.317948
31.082916 65.255092
87.585780 26.090032
4.083707 80.540115
84.290526 49.234228
3.323512 47.324842
35.177357 21.554949
75.062333 27.955276
43.591754 59.927012
37.858401 47.059987
26.550335 91.079245
58.709416 14.761313
1.249076 21.494373
5.392746 4.553104
3.945837 32.427262
29.301557 15.857018
38.049731 34.362222
60.006690 96.796254
79.428464 58.002786
44.738809 82.946836
96.917716 75.275907
60.385029 28.533930
14.052716 38.970818
47.932174 60.796473
79.854781 87.218661
18.759505 24.771613
57.101840 20.219147
23.251167 17.799494
86.076496 32.100548
48.057180 72.296294
69.814525 1.755656
34.324032 49.768103
39.092972 24.646366
72.195404 36.829931
72.873196 11.131016
23.847698 59.456264
58.590991 21.608352
27.309076 7.985791
95.649967 97.671866
75.737553 77.190288
57.932955 58.425801
13.522900 49.519734
87.170100 79.498536
37.264115 69.645850
32.139118 31.721646
7.465613 90.099000
69.953703 0.821879
16.559822 70.509184
32.062639 25.439425
17.228736 14.471354
46.470433 23.894299
66.619920 44.017476
1.127828 67.492840
16.606607 38.881445
5.017008 88.356881
31.364145 84.003235
88.372856 86.905614
83.994642 9.837086
34.012921 64.312964
87.453600 42.913351
4.560322 39.148675
53.184748 28.555407
6.098755 86.674945
28.301255 91.922713
53.330215 85.822634
87.270828 66.316011
23.372681 14.485555
96.087138 13.957500
36.787648 41.316854
29.557042 66.357785
41.982074 32.414338
63.271147 14.157303
8.353056 10.097571
21.629067 55.818576
74.346976 77.838518
71.532260 21.547210
24.534375 16.837399
44.825764 32.539862
16.801810 79.090403
38.470684 65.636592
79.289783 65.130585
35.543662 76.872538
91.094104 53.121917
24.494445 25.775597
65.103563 50.681972
32.644700 50.144198
56.418306 81.891595
89.342062 16.869053
49.866083 98.537448
68.847623 27.144355
33.176811 83.905772
64.627669 12.643776
61.155231 88.848569
47.087744 51.944175
