1000
10.006808 73.480681
13.551004 48.040689
99.112482 52.071850
94.045162 58.629795
94.354529 65.792509
15.757269 79.877216
84.739490 59.508490
17.027537 71.266324
46.732273 18.623060
24.990649 16.600996
33.876418 84.982399
83.774714 56.414858
21.780106 31.588031
79.057396 28.880258
96.481711 42.252510
39.770432 18.005613
18.967405 16.451327
65.503043 84.387617
44.657907 80.323890
73.624795 24.473625
76.380310 29.410860
46.756855 14.754734
74.462189 19.200883
4.599972 40.645039
48.731075 88.472912
14.209629 53.992597
41.417663 91.544080
62.518574 85.129451
52.998922 2.777128
51.237804 12.298240
74.551871 23.570726
23.812646 67.243959
52.982396 86.639060
55.836021 20.114601
55.896951 80.162699
33.538211 87.264743
43.134685 9.935281
83.148723 56.064343
47.988189 81.160475
24.855902 19.803116
52.419739 18.600222
97.535109 43.256756
86.241642 35.873601
11.125971 58.138192
92.610121 68.710683
26.762890 11.079900
81.739213 15.384381
19.099888 70.679926
89.242719 44.408024
82.066601 66.185385
38.861945 17.927011
88.325657 27.719262
61.952769 13.154510
28.367466 7.255885
24.406159 66.699122
86.453267 58.839021
65.114475 77.098867
14.036176 70.450585
71.975254 12.312024
20.200273 74.789009
36.912529 80.057392
73.098458 22.567914
22.079325 16.636461
35.422396 95.447016
9.369191 67.530092
50.484134 80.329832
85.716983 18.892022
23.382939 68.509865
91.846524 54.246272
38.036820 8.713526
61.900862 90.429885
3.143994 47.797326
94.455665 44.017840
95.780537 59.865626
55.904327 85.345707
40.540415 88.596225
9.762118 62.844777
11.215139 40.690045
16.576672 46.719958
72.380484 26.672895
22.468094 87.421470
81.367200 57.340750
71.866642 90.575510
28.530731 27.812055
51.543993 83.017847
67.495310 93.058857
85.055964 69.089448
78.636838 79.170458
28.111380 28.035024
84.032803 71.696001
86.778077 62.826537
36.448358 3.541013
46.635689 83.042330
6.385337 34.332251
45.315638 82.909990
50.123964 95.861205
68.338419 81.054899
13.885224 57.320692
85.596923 78.758985
7.963172 66.741314
90.542701 66.296896
14.960220 16.675062
92.258498 36.551197
4.301488 45.101634
52.878244 83.765113
58.198772 7.935623
76.886944 69.084905
31.145877 21.848921
9.440857 77.565576
89.836378 37.457691
88.498747 42.709048
60.684382 17.410539
43.132106 95.289822
20.813122 10.768523
88.077284 55.185996
89.025587 49.133895
80.815890 60.669095
53.529253 1.304345
37.921935 14.164259
70.323427 17.541161
11.709653 71.876392
50.692635 83.814389
15.481359 62.612675
72.889752 22.890606
12.456512 50.799431
2.419621 61.652695
77.405555 89.212969
21.708375 73.762430
32.497024 19.911608
15.614673 31.100743
8.148325 51.257603
75.298684 26.263185
26.722887 13.160444
31.233882 87.776805
80.858750 32.777101
60.632748 21.323268
61.338138 79.625630
63.980535 22.813835
82.303407 76.386959
83.911921 46.588113
3.506533 44.966628
83.617348 19.219895
9.862073 78.320853
41.044915 82.571523
41.630175 91.880758
78.422690 62.198796
31.702576 22.149599
21.844002 61.922249
45.936053 17.661910
4.979904 40.661754
95.471616 70.358698
25.316817 76.224167
9.227483 27.824746
80.903380 51.246139
33.650862 96.060653
47.113578 84.075162
75.258830 83.118958
83.699481 30.596941
34.505853 20.916289
97.642059 42.731715
66.074635 93.214356
56.334818 12.340691
10.892550 39.329686
32.734945 92.217042
22.900730 72.334619
92.756564 40.731370
83.200328 35.223273
33.482284 16.202192
80.835081 25.549179
42.278607 79.721421
64.680983 79.898771
78.362648 30.646626
67.047370 77.606792
9.825645 67.796837
91.950862 60.851709
49.072132 98.230281
47.113486 82.566580
80.251649 51.220515
18.876660 50.182846
96.170423 33.948641
80.593144 68.544351
80.217850 29.452429
62.499790 88.809712
68.176789 19.480109
63.160052 90.671728
76.055703 17.618906
57.928512 13.233852
58.141165 93.692325
91.686753 73.579619
56.792926 86.078971
77.625084 29.612943
17.783302 31.481705
42.714408 84.475608
18.558743 60.221961
74.938124 82.598682
13.655768 57.271955
13.209330 28.961344
29.102113 88.944683
76.570158 72.701808
60.349754 5.781755
87.875485 22.424399
46.228928 84.668386
74.559897 29.540668
96.635748 43.052842
63.955203 79.073695
24.711268 17.934490
58.000417 17.828590
76.545418 64.605256
35.340482 2.300970
54.982227 7.141694
56.161524 79.726039
77.005799 69.206537
12.213939 46.416522
10.382343 37.157093
9.162523 68.744088
46.299025 79.894079
31.594511 25.509027
67.183986 3.159329
88.385463 46.373465
55.153028 12.006367
11.412525 23.732984
6.004715 62.459260
17.751949 18.873995
87.035743 68.559604
65.636053 22.372318
22.498027 17.957481
43.938462 92.964492
37.214114 81.829109
23.982913 21.000849
33.337324 11.567629
8.502840 53.138382
53.948397 2.849888
15.709537 43.232517
58.721238 5.510869
82.369943 17.562155
67.238095 19.031014
42.679603 80.354830
27.045520 20.111856
94.188385 71.445229
33.909907 78.670116
22.054683 27.855147
54.054272 7.127508
46.271887 87.083601
92.105032 71.522905
44.846769 86.434389
17.303135 18.115821
86.037589 52.587494
40.488575 7.983455
84.704358 68.706371
7.515076 53.865712
96.634628 51.666544
75.902907 66.820006
66.281592 87.864203
32.973596 78.344450
23.646084 78.554197
77.412524 35.233074
75.547364 20.707966
39.942455 13.775687
79.271536 79.999939
74.091384 90.634031
16.196841 76.399538
72.644361 17.731694
20.511116 29.257391
26.977273 80.214841
83.859337 38.253470
88.725059 58.406059
63.919042 90.195461
89.985845 72.593075
7.733121 46.419023
64.852862 83.565064
40.510867 9.799516
80.974908 77.802532
29.704511 77.686947
98.125226 56.871195
4.253969 30.646550
3.134881 45.258401
85.215132 53.268888
22.309541 14.973281
81.530815 31.338220
12.049409 61.951839
68.261369 19.123837
29.633962 78.277302
61.024839 9.188975
80.787898 33.742706
28.156508 6.334944
32.255436 77.188728
49.042813 85.600070
11.306053 51.674352
7.315449 65.327103
15.040737 58.138211
78.266793 77.246372
20.576226 61.062686
27.283663 26.365819
39.276759 19.450373
42.055006 17.398715
36.171160 12.960746
34.267270 13.442375
83.190033 68.064248
53.802736 91.161443
63.231224 95.323744
92.784360 55.225313
23.193951 35.826587
30.276639 82.591830
47.524578 82.962171
25.307200 18.733304
48.270134 85.900294
84.145531 80.276519
77.327058 28.059366
81.678044 43.281231
84.588780 77.587766
44.244178 13.042183
29.394403 5.343044
29.405735 90.282078
37.092861 13.990982
79.786574 56.744523
6.115094 66.104227
17.582007 50.207950
75.222400 30.023057
72.948937 75.489111
27.123985 71.831262
76.086673 82.820885
41.587629 14.553400
70.448216 26.113004
16.455912 49.909922
4.117095 68.418118
90.471433 79.124032
64.336138 9.726089
7.669369 28.289161
11.499980 35.260181
75.404213 76.165011
13.082271 57.463632
1.315329 56.684966
73.636286 84.859710
91.631831 32.895549
87.811302 34.500521
53.823748 13.990949
94.397911 27.975443
87.924347 37.242886
19.225613 79.484855
35.059110 76.029667
87.706295 45.525327
41.562285 10.585248
25.293160 22.122997
37.544469 89.393468
92.496561 31.011609
82.433973 82.429048
23.525191 10.014218
91.503284 72.312643
57.203501 81.451044
42.987150 88.789629
94.255522 60.116839
87.591536 48.963369
89.383540 53.661163
11.832796 24.434699
3.407375 33.722255
90.347530 64.211698
53.566292 16.055296
18.841325 37.905330
74.609992 80.061734
53.088510 90.603555
47.814685 18.207696
74.587039 70.662587
18.752305 21.303617
11.063675 53.117535
32.282987 14.171231
49.775091 17.177972
91.182144 56.289664
67.903504 15.819890
22.713875 67.785564
17.492952 72.280201
50.999034 10.572946
83.764891 13.382900
33.959278 89.496890
47.977043 20.063767
44.947752 11.439723
17.765166 83.529231
60.549904 18.792419
46.119259 13.290386
81.460706 53.491463
80.515663 78.267147
79.050612 29.483676
11.867496 78.886648
21.375869 67.036548
18.769280 45.544737
88.503393 63.043895
44.035790 6.178254
37.430888 17.440671
80.666097 16.569348
13.194442 32.181838
29.515277 4.453354
93.924629 51.869802
14.397184 62.747414
8.419088 66.933427
10.164924 74.453076
61.714321 16.964339
81.053892 53.357167
22.139890 64.015037
95.835480 30.554268
89.133887 20.032652
29.161957 16.396327
68.088946 92.547362
18.239899 11.546200
10.308509 68.698452
29.195867 90.923657
49.185746 91.969773
31.130800 24.234103
82.274128 40.381014
63.219197 8.466483
84.543301 54.935665
38.466484 78.130175
80.934347 40.164451
17.440350 45.022495
75.752927 78.120654
30.396470 76.232841
94.139208 28.829709
81.342539 19.129959
91.353174 59.507765
80.987266 18.029311
60.775805 96.853727
38.810486 20.577684
19.267805 39.774974
29.284312 27.915425
35.267105 4.810923
80.182971 60.404180
49.897027 17.063016
16.616746 40.427603
76.401332 67.633298
56.201016 5.919932
81.393758 16.777347
91.903942 70.616077
68.117168 94.874288
36.295507 9.888795
9.241782 27.400870
14.690893 73.092077
84.562505 73.675236
10.458964 21.968015
8.485917 46.177772
60.557578 10.283929
77.743403 13.478073
10.623660 31.793437
7.287282 57.964350
27.349902 83.989941
14.548836 24.164898
87.132391 61.557362
15.259374 32.330994
93.821043 68.619363
42.519043 20.550738
53.371740 88.386906
71.900861 91.809883
32.314247 90.896835
37.732290 5.820980
22.465866 13.738201
55.428550 96.966366
39.611954 6.757043
12.124496 68.932399
87.734730 75.376627
7.937348 51.610432
10.723458 30.296107
23.836855 90.696265
5.062370 31.284328
10.575425 70.921750
63.736130 15.645156
17.980113 63.554138
17.424986 73.654766
28.218432 72.470058
13.976761 15.775543
85.287063 41.939739
26.605655 29.194396
17.041072 30.688529
16.489847 28.266287
33.982159 92.885678
76.181232 64.792834
8.885598 43.846864
34.371308 9.393103
90.092600 75.953841
59.423423 1.612309
81.961402 23.282243
79.575679 72.483517
27.006879 91.166167
26.141144 81.839568
88.833617 24.650457
57.527964 18.062770
79.837167 45.645530
74.851453 31.999650
1.434374 46.393088
51.761822 18.297771
80.320812 88.073730
10.965715 58.906544
98.403296 38.346669
34.639425 7.090509
11.974879 57.147421
70.907345 87.955019
88.408332 51.063674
12.948880 68.774500
16.201034 48.143708
54.266453 91.347474
87.183234 56.788531
20.951824 77.325950
24.207680 77.520258
32.656542 75.300384
87.663796 46.577986
14.557578 16.053224
54.280799 84.139107
70.213689 4.583371
92.091954 64.125922
7.508607 49.294682
86.477774 68.695658
32.714807 88.697346
21.503631 73.335287
82.071956 27.163833
40.567525 79.035197
15.786444 59.721575
83.280420 18.170525
20.908753 62.922375
77.616894 23.722944
53.450210 1.335703
73.389314 18.840972
22.637465 37.550580
68.851599 7.565893
38.800131 84.331350
39.537558 1.456675
81.271703 51.596339
35.961351 88.204414
56.306529 89.524144
5.905948 56.864184
12.464138 64.166303
72.084737 25.764154
88.229137 48.167061
74.140526 87.715176
55.001673 15.474543
10.536239 49.938393
82.861507 64.249867
49.440621 17.211004
72.819122 81.507783
85.682401 64.766259
55.692574 84.965994
46.853638 7.855835
95.264860 46.712993
41.796898 79.914122
48.280868 1.483380
15.204367 27.258578
82.223232 43.711746
33.946872 91.779576
33.294280 15.647707
21.364827 37.621771
25.284850 78.341867
30.928660 74.814672
89.479289 62.304026
70.535801 18.426693
27.951559 87.872516
76.873047 88.009596
26.578241 73.926275
51.601798 95.682795
82.717692 26.840632
35.178356 12.447624
13.136741 21.576496
22.513791 76.593611
4.758493 31.154084
86.072736 81.892149
54.071589 7.068356
57.100742 97.153280
61.780785 13.146514
55.592458 14.732184
33.600809 96.826561
43.090594 5.073214
83.690790 78.065021
72.509614 17.539359
89.487209 46.439701
84.434179 40.425208
20.262370 74.867348
70.241252 10.255066
86.189244 33.700883
97.414909 64.188127
20.899496 64.013690
53.838427 1.143594
48.399170 87.368424
5.832621 63.940289
66.522440 23.917284
69.213629 90.392051
13.623635 73.815782
68.136855 5.643525
4.066912 59.332145
40.363028 20.919828
17.211195 27.685701
11.662301 35.093821
18.058478 50.100512
74.335238 21.014436
23.695545 64.543663
64.340395 78.529818
29.031435 19.888151
70.997879 17.607309
12.829902 56.291590
69.727750 21.897009
29.427691 14.489911
6.973746 73.997755
16.329169 19.045677
25.137568 81.323467
14.391760 44.546709
1.287380 43.433843
95.488392 63.988998
87.268441 72.523001
16.783850 19.576529
1.808315 40.701276
87.270336 28.389518
80.781871 24.634147
59.667156 93.722979
42.395956 81.197432
18.197129 47.599929
97.040004 64.875559
37.298483 84.149532
93.707787 48.962873
80.841427 25.061969
68.849043 26.233878
21.319334 81.850460
18.017185 66.392512
58.513856 2.013959
64.892133 12.215945
49.797844 91.502151
8.705728 24.268401
88.431843 76.169373
36.104989 21.914987
18.675514 64.089188
79.927446 63.272721
78.516547 12.442083
68.224064 9.746803
15.382897 63.515180
96.747141 49.066846
13.653855 58.112538
77.191658 76.161918
10.200522 39.183092
31.320938 19.412412
45.878701 12.728678
40.111033 83.445867
98.112919 43.674036
55.161839 84.983269
88.745292 64.935016
4.016440 68.798529
93.308805 42.151197
85.259027 34.677193
5.542677 29.525313
74.316341 72.813817
6.916758 31.884011
44.728663 11.242866
31.036040 82.875873
87.020829 19.947168
84.676805 69.570595
90.970012 34.859674
58.568759 81.026766
64.955910 12.639493
97.007029 38.899842
10.903768 73.789697
49.009806 84.569518
16.590880 30.301817
39.528440 85.144093
16.514567 28.001654
8.838542 40.033143
28.578640 9.145242
18.716142 46.916189
4.156342 59.911783
17.370792 55.542474
59.553967 8.223393
49.216979 1.195915
43.004733 18.311881
50.512885 96.251359
61.652989 81.935440
72.285721 83.284201
25.011476 89.049184
68.965338 23.524783
79.299818 37.869210
89.631031 45.256104
58.578377 21.026463
33.383496 19.066845
90.138680 21.655821
76.941280 74.084186
84.635116 82.940265
6.586677 35.085523
26.455516 16.820309
26.192269 30.101388
22.000696 27.030700
57.862207 16.781031
57.794504 12.704861
70.344942 80.981880
45.699192 17.359977
93.273272 68.782556
64.780910 93.639289
79.855804 12.462508
76.406650 26.503492
17.392777 70.086214
40.985036 13.185242
74.498069 85.958201
87.973910 58.694739
6.136451 40.750714
96.278316 58.426080
5.051897 67.449506
17.146532 76.949700
18.448916 84.910602
55.680363 97.682121
64.640311 15.419435
54.621357 88.576788
78.887652 17.169988
21.495761 13.400375
28.181158 92.270513
16.544901 62.477445
79.806849 26.484878
46.835223 94.112615
78.598631 36.155363
6.245054 34.335889
52.764414 14.599646
21.180233 90.490874
17.935698 47.205845
17.205415 80.198309
26.301351 28.723169
11.374863 20.836755
4.827761 31.580152
28.233923 74.528932
70.843640 71.713108
73.507798 70.325364
51.186382 13.993273
61.114262 12.121214
86.603633 23.706711
53.303774 94.580949
24.455603 72.329913
87.922334 74.863852
53.869036 90.568085
81.150909 50.933644
10.701038 28.641763
39.013892 14.171520
50.149004 85.954563
79.915344 28.848617
28.953751 6.871070
12.295121 45.868647
14.513025 40.940072
68.907495 93.061872
58.397188 87.666085
77.314672 30.739472
68.464938 83.526528
18.281236 50.262772
68.608680 85.869677
21.563630 16.342801
45.061407 89.625230
71.393098 94.111235
57.206269 12.956155
89.553454 57.156766
73.227786 77.022169
80.921072 60.464917
3.660735 38.674291
26.334557 84.145253
61.549747 10.501474
32.194979 12.134571
85.611055 26.883745
62.233361 77.789475
17.071026 58.582690
90.406075 23.815695
70.980297 81.619545
45.712629 9.101341
93.248035 66.194410
72.099711 29.558731
9.224823 47.335713
58.707667 13.082572
43.045331 17.435349
16.532949 48.373447
44.374935 2.267861
7.635778 69.116517
85.108751 14.623147
90.680864 41.673294
37.661786 83.594783
42.139145 12.379398
90.765455 62.013782
41.375246 16.500544
64.806027 81.108017
96.082572 65.965562
31.087116 74.455139
36.180726 83.668892
43.827988 84.151969
13.812536 69.863711
69.922176 25.004925
84.840224 30.129844
13.719399 74.486855
25.953478 85.313524
98.588927 49.910118
20.484695 61.411725
96.113735 58.287953
20.557949 38.483265
24.202249 29.429334
8.327960 36.776426
16.358654 47.205053
14.716332 76.579684
96.692894 42.598332
85.399694 34.994541
35.362027 12.194237
6.150135 31.721587
30.641850 80.976290
90.244049 27.590815
95.539133 39.766023
44.767922 82.102051
48.616061 18.238684
79.368704 17.590382
22.062749 78.443903
74.626591 79.559260
43.133537 3.144400
82.001309 49.467293
2.791424 42.672494
44.413471 19.604121
50.811346 17.132789
66.444972 79.109878
42.711148 95.040778
2.758753 59.552534
53.162682 11.759713
25.470632 72.295283
49.641586 83.008683
40.344868 9.937084
10.352591 60.177253
7.369466 65.009065
29.997745 12.494914
45.355216 86.243311
38.664637 15.114707
10.629435 39.386971
14.915937 41.040507
67.371557 76.319573
80.127936 70.860828
41.560892 12.735338
72.459186 74.743821
41.971650 83.148308
74.018265 79.375367
59.877888 89.310572
67.597348 13.978078
76.796003 32.511211
20.021061 72.812781
55.285165 80.007325
58.072576 90.161333
89.181740 68.984727
68.067508 7.682439
17.447394 52.635877
35.380390 88.953870
15.525252 70.355317
80.425000 75.687355
82.979669 43.694393
6.927605 69.275749
79.625069 63.596302
75.017633 30.932940
1.194336 50.814966
65.834890 83.484252
16.999559 34.373538
33.347622 89.866269
67.955675 5.435650
66.549033 93.631652
13.682844 19.276297
22.916702 12.817892
72.389839 18.556277
9.010261 42.976719
98.784853 48.879815
19.051443 68.835461
56.630683 3.584058
35.773460 8.136465
63.937436 96.144488
38.813773 3.472769
90.855248 49.394352
12.348482 43.757630
19.195731 33.292957
83.007824 15.509256
62.087595 80.801699
25.722159 68.019410
11.471646 61.523628
28.105738 92.617480
93.218382 71.924281
5.249313 58.327513
35.495104 19.524739
3.888442 55.865138
64.970850 76.241505
18.826761 23.661384
33.456721 6.573321
21.850035 78.944000
76.888362 63.419524
78.071956 28.220791
80.556618 46.791456
43.387506 93.539877
79.114231 28.194684
87.490833 28.572004
74.537396 30.915102
65.778299 15.434852
10.277537 41.728535
77.766412 9.039616
81.116083 88.160501
35.176387 82.633149
82.137979 37.751628
15.987398 36.025947
67.198804 87.974765
73.067011 86.918592
65.481113 84.795856
78.992161 17.862138
33.754973 88.555367
88.146158 44.107114
56.227247 98.048637
80.193611 21.320530
6.081783 27.150428
62.471999 16.326701
90.072462 31.371467
89.191340 31.856842
86.908986 26.690933
83.329529 67.644198
65.131380 80.814647
32.552125 85.789515
34.439742 19.766974
39.506899 2.708743
12.733074 32.894481
13.666678 63.744836
90.223585 59.459124
31.728558 87.052699
93.058049 54.703858
8.335368 63.357099
2.653976 34.636353
35.036857 87.821699
9.928634 51.281342
51.990211 96.898177
12.598873 81.620825
16.715219 82.794555
38.517864 96.829964
80.565679 56.814548
77.036989 91.382074
20.653717 22.422670
51.149491 8.566560
80.100010 48.744495
50.407442 96.257094
59.169206 83.128937
44.174510 16.820755
86.074954 78.543283
17.770022 57.980609
32.610147 20.511481
23.050378 29.278442
77.306015 70.291569
46.542707 99.210664
32.636130 3.424158
58.713415 11.968318
27.586992 19.945957
76.608634 66.373315
23.655908 72.256400
85.190946 44.023849
87.169798 62.750414
72.022176 18.450908
66.128789 83.415947
11.928235 60.660575
7.774614 58.365158
91.128794 56.534528
44.501362 81.566032
71.284066 20.467669
18.306809 73.081808
17.100413 23.304917
98.367812 61.513276
54.784995 93.542097
73.478201 15.697309
5.880751 37.425738
17.728690 55.358638
11.466171 81.498056
90.608721 67.986980
12.614796 79.039345
90.216483 50.802840
52.604642 5.537381
56.992655 90.687227
18.526887 25.827998
53.756345 89.374061
24.886061 68.979499
76.614411 78.011402
86.965548 70.517001
8.794270 47.924965
45.187530 16.194339
33.394137 75.202472
57.561847 89.654705
70.758322 75.728960
85.744133 68.067260
53.647372 12.554251
11.799573 24.070961
74.984159 12.119952
63.464460 87.937192
20.165722 68.068016
91.637936 55.125815
42.346606 8.376828
36.341915 89.968062
24.790169 24.782026
90.551395 66.426239
62.942745 6.714392
21.716475 61.809873
48.659336 99.561950
26.466444 17.037369
13.100830 53.986945
41.984994 19.922784
24.633994 14.382898
86.080064 42.085260
6.578050 39.830438
72.701207 79.379430
32.406613 12.821374
77.546050 84.647005
86.130321 27.610854
57.031212 93.854639
34.732752 16.843101
38.274994 79.292827
17.290050 67.333198
16.241371 62.623823
19.950192 56.671582
79.994872 59.191796
12.408990 56.574683
