500
9.007507 28.898188
36.834640 18.882145
15.844553 16.086838
92.224680 45.929385
89.586950 20.461724
15.233131 44.880951
54.081278 98.768742
35.172428 16.628922
2.888799 63.325388
67.041304 20.469610
80.403233 11.946302
34.980777 84.208541
82.907363 78.964824
95.914421 53.356950
65.783919 77.338560
4.309923 61.899294
90.026208 69.685381
53.217535 97.747862
14.316017 74.329909
71.580806 82.680484
44.443610 12.337685
9.970446 42.326234
18.586617 49.333870
8.623388 63.828265
37.548295 6.196196
13.171171 32.154642
82.355913 61.625306
32.551596 5.199884
85.646376 23.964533
88.731043 39.881609
72.810608 73.447215
4.634075 45.056936
44.157691 8.349138
49.471194 89.797430
24.024247 91.294910
48.160241 83.538277
59.301362 91.434465
54.089141 19.123736
23.611947 17.359209
78.856117 60.282827
57.355386 92.302081
59.547446 19.917626
36.102240 94.863482
85.010807 51.451341
66.672519 81.624944
43.800791 4.016429
40.733324 16.706017
53.124631 98.834718
90.171617 60.585755
79.755773 20.026198
72.735296 24.356447
59.194344 89.929065
82.994735 85.762399
76.543894 85.283426
24.322160 7.700232
77.871923 13.331665
11.653795 34.773253
41.928167 16.670488
18.206884 62.972972
84.127812 60.130878
20.122706 68.088118
31.141004 8.188140
73.384513 29.533308
18.749474 23.250426
33.814686 9.456268
20.023272 59.270046
92.796265 74.661605
10.365702 79.494382
73.216322 11.752355
13.007212 20.747063
86.037252 82.703754
83.095624 21.457625
51.765819 19.104256
79.168553 14.168668
86.137632 66.834648
64.848281 23.387086
19.828962 47.462044
7.122793 30.676387
11.990024 62.350842
77.236139 71.973106
61.193589 18.981458
71.576261 87.324844
46.054698 88.232151
37.060598 87.974286
88.147366 76.640391
35.758194 21.458271
96.923555 56.360147
46.570919 93.874616
10.751769 43.109650
80.493360 58.281935
61.687922 79.838450
87.836187 73.608432
65.103724 76.657697
44.173832 20.144509
64.297732 97.690510
66.596528 21.359556
78.650147 38.423839
50.151929 14.789012
44.884055 86.250382
0.929555 55.688754
15.694842 26.461323
58.835309 14.398145
84.228913 43.561398
77.499639 62.994122
13.424596 57.514859
81.645693 87.109509
12.701680 64.975869
50.618194 91.936404
62.722255 80.756114
87.176940 62.885424
14.035304 54.839764
17.494635 21.265268
25.517627 93.075312
44.914073 10.872928
30.231943 13.786285
82.770859 12.687384
69.551659 14.614826
45.479521 85.762886
29.498167 13.708168
1.057564 44.150477
86.576219 68.791025
89.007054 63.975057
25.688706 91.666056
72.826364 28.742808
65.609795 12.470773
63.955147 84.206920
31.914688 82.344273
51.136527 83.456409
64.049512 81.909665
80.253689 77.758971
10.416650 33.663476
79.761253 69.659149
20.093041 69.385815
16.610514 16.999099
69.839033 80.243114
60.380669 97.168742
77.640085 82.763328
90.767344 62.184568
61.137670 14.271811
67.543075 10.767593
79.621305 32.901930
35.612797 8.941001
19.678344 58.099219
25.090921 76.335386
43.154072 83.629846
80.245788 51.562133
43.254945 20.030681
68.581012 75.411666
38.569620 86.189967
11.874789 55.362736
64.391310 84.655168
32.582785 83.311939
15.497084 51.070088
10.928705 23.528980
32.195953 7.339005
56.445460 19.067587
12.523445 69.333302
9.465165 57.934866
66.636351 75.483247
26.727536 76.965327
11.260335 65.418773
75.251475 78.994947
10.279572 19.998961
41.067928 79.734213
21.271324 70.018303
39.145697 88.985861
50.725459 5.575584
9.828426 75.730005
25.665382 8.105718
7.092395 35.941808
37.065701 81.812092
59.904022 86.682696
78.414088 71.587655
15.247831 68.825382
37.853535 94.164685
79.126314 83.813803
11.777282 69.262767
5.622072 67.964996
78.494810 26.574749
45.283478 92.630192
22.582379 32.933544
18.802504 87.846350
91.649052 56.941918
90.833162 29.565513
5.887387 73.043915
89.753779 50.949470
11.988363 18.452705
18.814901 50.262507
61.793623 2.897957
36.060124 86.851141
47.856096 10.870180
82.584435 35.908286
10.930214 73.202870
92.770667 56.517012
34.300004 92.044058
80.063580 34.007125
63.503437 80.765337
77.393634 27.240540
48.490647 19.660879
72.651536 29.347830
66.005552 76.955261
81.079134 50.849251
98.017192 46.495620
83.261803 33.917359
48.477268 13.203263
8.923594 68.199003
83.389344 61.305779
34.644912 21.061736
43.799267 85.243532
77.750750 67.579704
49.801486 92.908854
93.751387 73.324989
81.308011 88.311639
16.409433 75.438645
72.930437 17.029109
16.946984 73.124295
38.571446 80.934038
6.887134 62.199892
31.905594 20.014034
53.212666 90.050115
28.795538 24.613076
58.078991 20.437994
54.711676 82.016157
31.590212 89.399392
49.977907 87.113330
42.092706 18.852690
84.992434 37.153247
13.244417 71.363989
15.614102 81.486085
79.607496 86.632039
51.847969 11.371110
29.134398 27.006426
91.069850 76.124866
97.469711 55.948938
29.939099 91.073330
76.021128 67.748393
25.961026 8.466915
58.631856 17.333165
75.083292 90.431830
2.341174 56.620391
24.577561 11.170726
37.817105 13.494874
47.352195 81.465343
29.729770 77.438034
56.304032 9.076045
80.074948 49.524855
15.870774 79.214588
53.710494 83.445056
29.311385 14.581968
65.174364 81.555447
29.224247 24.335144
15.553028 76.516545
72.405706 27.368732
80.779051 30.592391
29.304012 14.181801
49.611925 84.775182
55.779145 83.217150
69.089751 9.576197
74.451191 21.545207
60.541105 78.314337
86.342044 56.033170
13.036853 35.517614
44.707003 5.214212
72.247381 74.493118
68.612517 18.877776
46.185601 18.548249
57.023138 79.391835
92.648606 66.293498
1.916922 39.817576
11.112938 71.174787
24.622554 29.683308
80.167266 15.869763
31.649692 77.731014
27.205501 24.732668
5.965764 73.230558
96.659344 55.977424
83.696285 19.129573
9.361761 44.227675
4.651003 70.536825
24.631845 81.390047
83.484249 35.220276
19.777142 50.500522
3.280048 46.133350
19.529833 63.881632
59.877002 14.371921
27.301990 23.886918
54.999400 3.852054
14.321457 83.177063
3.382169 58.295800
60.417511 85.659118
74.234757 31.742499
71.172756 72.340153
38.640234 8.963732
54.050135 7.591120
40.076405 1.928596
90.075721 54.559115
54.813679 10.954939
67.937270 13.638955
9.598133 40.435778
64.439766 12.689998
85.886334 47.665536
83.007314 18.723511
81.684478 29.710754
78.243343 79.479286
35.306477 5.152115
18.301062 31.125414
81.959931 23.546666
23.363057 34.652881
84.542816 57.910922
89.105387 80.602943
15.734633 39.414870
25.283421 18.942868
75.225915 18.531403
33.514992 24.611114
50.754406 13.774012
23.811440 27.541496
90.906783 43.120236
69.914667 27.363774
44.510320 15.256815
92.877940 40.061481
13.160230 55.194667
19.942505 57.231328
61.115142 5.257558
31.531958 75.273944
75.393171 18.146915
80.773585 77.080010
62.022877 12.802476
31.799226 92.698155
32.582028 85.382379
84.442581 57.526680
92.212259 68.631565
52.924804 6.719854
5.474215 30.296012
47.252623 4.666625
33.644401 7.146892
33.164414 76.046521
94.583069 72.143423
80.048533 49.334836
21.409386 71.303676
76.140792 32.347128
64.131233 90.269655
52.659416 85.687847
92.221118 24.543888
60.194959 6.293677
89.315431 40.754169
55.770077 20.294159
87.265373 66.008531
13.381304 60.114834
81.567365 46.327148
84.475970 31.329382
49.154199 2.153903
28.951188 79.017435
81.076776 27.765178
17.750114 86.461911
3.077263 50.433218
74.939612 15.836508
53.935515 95.605197
60.421186 19.902275
44.964554 12.813699
35.775344 16.025688
47.514327 90.651509
66.049739 83.557636
7.232066 45.498282
39.249178 11.874344
99.178102 47.592934
51.829660 93.538881
25.642286 85.802866
60.905568 15.577098
12.662002 17.335697
72.641828 80.911312
13.463298 72.776213
61.623051 92.682377
46.008737 88.777161
32.219927 81.355978
31.534609 81.023994
15.660742 85.112237
76.843329 8.908716
2.551184 42.731284
48.597504 81.050739
17.703197 46.519170
9.926079 23.059457
87.897390 20.307389
92.496242 55.598516
16.001830 39.570704
45.561933 95.615888
41.570447 91.038258
24.702535 88.583167
18.757793 40.044011
29.431314 90.477441
71.046945 6.670133
34.794570 89.555384
33.591529 86.009780
43.249131 2.908525
90.469150 42.085737
9.568886 26.170047
19.105594 49.063369
62.759420 22.534524
63.186927 77.186451
41.566795 83.102377
22.102429 16.706695
40.642592 97.930098
25.376752 23.337462
50.956440 80.210178
51.383739 97.492844
62.796586 20.650689
8.615730 55.005351
74.215993 76.814390
75.869231 23.905850
26.337511 93.196523
68.164656 79.662011
33.903056 80.663078
86.944247 71.887712
14.276215 77.406277
28.284574 83.390593
7.247856 57.341310
96.821283 61.856298
75.707664 87.212330
6.180524 29.733284
69.472757 80.915916
75.282310 78.587137
76.753902 89.096032
69.390271 95.934019
34.659963 15.276411
21.449276 33.661967
19.802631 78.416252
44.981404 11.209454
15.339490 14.082795
20.612198 18.735144
78.279026 73.194207
87.882611 58.429877
65.478544 19.462130
75.164659 25.612111
45.615382 10.449420
38.974514 81.098026
86.746125 55.024251
45.466637 4.859515
9.944777 48.105216
76.573473 74.739190
78.763959 70.445395
36.339178 97.268332
69.130088 93.195244
36.183361 12.784187
96.171711 39.814925
70.851371 20.552396
37.042164 22.790424
89.046350 78.308424
16.500102 36.044049
19.112823 77.420654
41.359903 81.201205
18.052354 80.166378
75.337712 90.831981
23.073928 30.758143
62.219116 11.850371
74.885579 32.291690
12.965498 43.340859
13.620697 37.235566
63.732612 3.421496
81.972576 79.660886
18.567173 56.018339
36.171523 83.971453
8.649207 22.861772
63.377374 79.097413
43.718997 85.246909
91.453448 30.344148
51.846978 92.757213
50.706141 4.223205
62.273559 15.835975
69.521296 22.189307
44.274306 11.699946
19.911382 70.929015
94.320370 55.273130
58.593034 3.527575
99.375742 51.735646
20.458217 56.528861
69.745562 26.751106
75.835062 71.793073
71.454434 19.555390
88.454872 76.927248
73.303069 74.349411
52.353085 9.662112
21.016950 59.681538
23.914466 68.711158
90.089161 75.894421
77.343408 63.518705
91.399212 56.625020
22.807297 18.530173
33.837506 6.567143
19.977361 50.961148
55.158803 4.016947
78.618355 24.718856
77.257700 17.373608
77.437035 76.119504
80.340431 13.728150
24.386548 13.355270
55.875851 98.145221
72.198230 11.338195
26.537882 71.011299
56.111645 95.355778
26.735290 72.186306
82.656687 31.514791
