50
13.755148 36.359252
61.344980 83.322771
93.810019 61.310391
81.152670 69.247659
28.772339 27.433284
6.085206 56.052905
93.476688 32.461333
48.683644 92.570548
4.833519 49.112450
30.204593 15.372361
91.856480 38.998360
14.276822 46.052040
20.998841 66.812397
83.687120 49.269238
18.565741 48.696848
16.491149 36.927468
19.626806 50.123700
81.644607 55.244370
26.782197 89.590310
33.331796 91.234423
33.434984 7.390152
26.609260 28.922887
46.351758 80.598044
7.758237 25.316436
16.886477 79.256083
19.739964 84.513598
48.568838 12.779151
81.688982 54.575597
79.866221 71.038373
66.842931 90.286488
18.761588 56.497541
86.532521 19.358214
93.025058 44.950102
93.354767 68.219477
66.227492 96.544038
53.795381 2.681801
90.679467 78.581298
84.067714 18.821833
86.635067 35.302799
22.558353 9.053931
1.458325 48.325638
21.275767 86.581835
29.430126 93.071459
77.980227 67.864764
62.352911 15.699034
14.632639 27.130543
51.810192 19.413060
36.483907 15.349105
80.074706 47.738841
97.940919 38.490776
