50
11.900702 61.415330
72.704780 85.150828
18.645474 71.620080
8.663931 50.543234
72.152809 80.693721
38.296982 89.822363
47.889281 7.696033
90.407915 54.347164
23.618697 75.705122
90.323646 54.291867
66.755176 83.608759
7.686526 52.433735
25.103669 17.413297
12.081661 51.426192
34.140341 16.492427
28.082434 83.537537
9.615525 55.367054
14.632663 68.810457
32.583230 12.308018
44.390945 9.386090
45.147170 87.720480
31.168805 15.288408
88.802157 41.493117
19.145149 23.208068
58.871854 88.581708
44.652637 9.108116
73.533952 18.140702
26.353877 13.483967
54.237163 12.501443
45.037912 8.959408
81.130675 29.685394
51.791772 92.975723
10.495875 44.341525
90.475792 38.047798
15.947321 74.420847
37.287685 12.356727
87.413729 32.118669
15.121951 67.192246
50.582492 86.052337
33.569519 17.880551
59.340890 10.283702
50.107499 90.596847
85.453763 39.763228
13.870172 66.201505
48.062491 90.605688
89.378130 54.642263
13.313578 62.871799
64.437060 13.922097
8.478375 50.110093
11.333386 62.705105
