3000
24.099600 18.584225
52.209585 9.942221
55.930803 11.446018
81.050773 74.564949
38.585081 15.806926
11.224238 45.554103
71.247246 81.788491
85.332665 34.753767
40.990837 86.215146
50.373487 87.675115
59.540379 90.253656
57.902256 7.786167
12.713068 34.616289
86.960650 69.400855
61.735734 91.252274
37.868849 12.545226
76.838852 19.236243
47.070519 89.185516
22.830957 17.973782
12.377691 29.359133
11.698860 52.383466
30.892292 83.394524
46.452599 87.378317
80.678264 19.496498
12.981287 32.877752
23.737507 74.915115
90.790457 53.368545
89.740652 57.348689
88.172275 44.368176
48.487466 9.901557
28.800075 14.915629
9.523863 56.180380
90.583800 59.865895
40.285644 86.584212
41.967595 89.206134
30.659133 15.255254
89.695858 36.823919
11.086862 45.477099
66.030154 86.798606
70.439696 11.758180
13.460847 26.958041
75.246068 80.691663
86.382982 56.422637
64.350716 87.579485
83.523145 34.031186
29.339474 88.894115
75.276000 15.480093
85.146989 68.749737
79.828732 75.676118
30.483643 88.560682
49.705299 8.340538
9.982969 49.922848
12.787538 42.600191
25.068018 17.400166
16.842469 33.624304
12.113294 29.904106
72.145360 84.979873
86.418849 45.205609
13.358480 52.860687
11.747707 64.504791
34.759924 14.296274
91.613664 42.695859
37.973781 86.893463
54.756959 9.726571
86.169071 27.957658
69.919893 82.997459
87.611440 54.702272
47.602719 9.749012
88.056479 36.879122
24.296447 17.868970
11.850256 45.265679
89.527129 41.130604
9.654779 56.349396
41.544081 11.496117
85.152244 72.164319
66.606712 85.122015
36.609120 90.271784
33.144043 83.436972
9.315735 49.846131
38.133528 87.793298
79.575027 21.522175
76.026538 25.058345
39.370341 85.603893
80.374833 77.726192
12.827424 62.705919
47.449152 12.262469
57.246820 89.255530
72.356479 86.303392
79.592837 20.488657
90.336593 51.238632
11.730134 65.677341
11.455736 67.609845
82.027356 68.721028
11.329661 31.786725
9.299832 55.497639
86.445382 61.364629
71.654113 15.113784
62.289638 13.659263
73.725458 83.879192
23.146395 79.650868
10.670216 65.221553
25.239067 81.111460
89.405734 40.461231
30.765911 12.731774
22.538503 25.720462
77.261882 74.803999
17.471740 72.706446
58.912097 13.868058
7.719408 58.468934
15.517735 71.457149
26.757123 85.773862
86.611424 66.678091
10.114215 55.276915
9.876897 41.340604
88.289698 43.288806
53.909740 12.749526
22.316347 18.970308
79.927844 75.336364
79.959245 78.271593
13.969286 33.758918
72.487215 14.363115
40.750455 12.738767
13.018435 64.818489
73.001810 84.840536
66.980721 14.195725
87.363161 61.071127
32.523495 12.174913
41.361130 91.399019
16.909828 30.029628
68.799117 16.102029
38.439055 10.036486
74.082838 79.371896
14.843346 69.508737
13.283651 49.981994
13.479871 40.286522
9.479315 49.072704
77.436344 77.804375
88.717478 32.604301
89.585901 41.270444
50.452749 12.084040
38.930031 90.546857
85.399755 41.390347
12.330795 70.093254
11.104575 46.935789
14.691645 70.308355
14.717237 27.847166
37.447240 89.362439
69.754804 83.021929
85.673314 65.762156
64.096482 87.001551
10.260941 45.864293
15.016749 70.039285
45.859098 9.085487
56.060691 8.781928
48.850938 9.980874
16.445970 74.316422
60.214588 11.174646
48.971524 92.551000
59.237898 10.041763
51.901486 91.214410
67.923642 11.175782
70.330022 18.642514
89.975337 42.491149
78.092981 25.585217
9.943486 38.345193
62.570587 89.396224
89.211435 55.638738
30.566058 87.384300
90.190300 57.297992
10.981343 29.670437
72.862866 18.085215
71.212207 79.998079
64.387253 11.041680
62.406549 90.158553
63.906241 85.312928
57.552624 89.452440
32.819702 15.233475
44.910050 91.247285
52.215056 89.184308
56.752473 90.911899
91.849528 43.787121
6.460099 50.284539
47.424539 8.620884
76.638263 22.465560
27.061340 77.053542
26.169286 18.791760
10.589645 47.368331
82.687665 73.644287
69.061478 85.859229
17.154893 24.795671
63.235413 13.180941
42.798875 10.928222
22.455967 83.288507
83.820809 31.334934
55.888095 10.042959
44.735096 9.533991
86.766681 65.926865
52.810425 86.875407
84.016782 43.437750
89.565350 52.987137
50.748843 91.485604
39.540356 83.613743
16.225581 32.736771
47.710283 86.905296
22.872933 20.144112
13.862566 67.925673
63.097457 14.030129
31.838539 83.596199
83.582537 77.420714
81.986738 29.026660
83.299632 30.081580
91.068607 49.699392
72.620246 80.708533
71.201426 83.905190
37.433574 14.620778
89.397447 49.622021
51.400081 8.835727
10.426839 57.967047
45.095503 91.282820
66.267696 11.188193
50.580565 89.028958
73.990805 84.539964
71.360350 21.151241
92.096935 39.523254
89.553094 37.082174
61.995676 12.518135
26.854907 17.763109
13.747545 38.720580
23.615374 79.496975
88.809891 70.751296
75.443946 78.933059
45.935134 90.412621
10.686076 42.116180
25.728976 19.939185
67.771565 88.187853
71.335400 80.292288
28.102826 87.346633
30.636688 17.469435
31.799600 17.099584
75.429388 82.027621
26.831296 16.961087
10.895447 55.505355
20.039092 76.582848
13.616191 54.398924
57.985130 11.629111
47.166929 11.359052
88.282801 39.026715
5.994381 44.338709
31.365846 85.264633
80.929447 28.802172
91.213256 59.212076
8.526355 49.515439
27.948742 86.374144
47.632511 10.427380
37.743076 87.839354
89.978454 39.946106
9.446558 60.961024
23.635004 76.946009
19.436023 22.524303
89.218036 59.385488
90.065162 42.842302
88.526022 46.813895
85.667026 40.614560
87.015440 56.584931
24.300193 25.640595
63.380492 87.141866
34.168076 84.129556
22.490496 19.537186
9.330685 62.488566
9.095854 54.825252
88.715744 39.106177
87.091466 59.308871
14.809850 70.488776
9.733262 44.304117
26.274774 18.046692
19.101837 79.966093
89.500751 56.364311
89.242102 38.915006
76.948740 80.387803
25.074340 80.693447
30.232161 14.346385
70.790561 82.282193
30.256039 11.691990
89.632426 32.661701
13.031820 37.758641
27.518835 84.999018
69.255137 12.295480
65.877619 11.851500
88.178613 43.866477
85.384044 70.879890
67.955176 90.965693
32.587135 88.741930
84.886132 29.209529
57.696250 11.174210
19.322104 26.634970
17.333507 38.510716
16.651652 75.494832
34.895772 12.692111
79.486673 25.317872
9.364288 59.383203
70.183302 80.009486
33.708995 10.372199
89.509251 51.364969
73.050628 82.009904
19.867791 74.754251
78.010874 20.665288
87.674115 64.597573
71.833049 20.555201
32.203631 85.720409
11.474584 52.680707
71.963776 15.294671
62.271841 84.196635
69.034246 15.116091
43.450848 9.411900
21.880897 18.095125
44.781827 12.427777
28.657259 84.624215
55.548188 10.635763
21.685490 79.545373
58.679909 90.571370
12.737018 57.641200
65.508802 13.371948
70.876450 86.722348
64.511480 12.512201
15.828834 33.319787
51.340581 90.368974
59.723712 89.183086
69.074445 86.179513
77.747384 73.227131
52.143527 7.648833
67.128979 12.021684
21.511338 23.406545
24.786814 78.803429
86.663494 69.288218
83.769099 70.976453
84.071782 23.587493
81.814412 74.669256
13.327047 35.412929
87.393404 65.273335
64.743634 86.834007
24.608727 20.525188
42.353637 8.279772
26.683810 82.938452
89.436708 57.214261
11.319289 44.418783
59.012135 11.804079
89.948236 40.028562
55.994084 8.323718
58.728214 13.020785
20.379971 75.070919
61.707382 15.544929
9.148152 61.642861
84.713997 64.184845
82.703753 22.623317
82.841981 70.171704
70.313049 11.938776
93.731334 47.611621
70.976714 16.644726
90.000797 39.145582
13.199320 66.113437
79.574237 26.382702
86.400637 67.979265
36.881708 9.807954
11.668140 56.819301
89.933629 57.730863
10.043387 43.510150
49.758927 91.164064
87.299475 36.547150
22.807494 78.776396
43.396683 93.550718
13.244998 41.324727
11.264179 55.740217
53.943872 88.107856
6.881015 55.914499
77.144001 74.843422
43.615592 85.271153
26.813331 15.051814
16.992027 28.801627
17.241293 74.953611
68.121412 83.951865
87.078306 44.921218
19.745414 20.231156
14.161039 29.080806
75.994077 74.944153
34.135855 87.134296
67.406230 86.494060
60.038225 90.412697
90.917133 52.607594
72.484595 85.072544
9.162257 45.310518
43.882886 88.006313
22.409067 20.491945
86.823261 73.998646
90.212688 57.952209
60.888988 11.163603
88.003875 38.375462
16.385988 25.285406
39.740991 88.297609
63.008661 88.069277
50.892215 90.290824
47.186943 9.917458
29.547892 83.442382
41.882077 89.928222
70.721387 17.937001
86.877729 57.713242
39.208045 86.263119
66.118893 11.725095
13.804240 44.368196
73.580218 78.536674
11.392328 53.833061
26.365125 82.670463
32.163857 10.250254
86.452230 59.807288
79.373796 17.337798
86.174284 69.809108
22.450209 21.574177
71.297308 85.321888
24.845634 82.431636
93.436357 59.047531
73.758260 80.476671
86.400792 65.478153
91.461574 46.220065
88.014965 42.275893
83.332618 26.049048
51.610667 91.842279
84.889380 25.732221
79.419059 73.209058
58.110072 87.112823
40.736519 15.016762
29.462851 13.559662
76.898963 84.129996
20.316751 81.346523
23.783568 81.633628
75.068955 80.102217
26.825987 80.681616
26.356939 18.811900
30.964593 12.631964
85.722729 31.416872
44.584525 90.601127
11.464170 66.281682
52.247113 89.720843
24.120533 81.943444
17.773838 75.066797
11.175155 39.755544
82.895768 64.384271
78.316307 75.400742
91.084666 49.916047
30.739698 17.928918
85.294817 66.582081
11.066051 38.484363
17.736892 32.844389
66.240033 13.702442
56.302122 92.784411
52.439479 89.788756
58.794628 85.585379
9.583869 53.774778
77.114234 21.685188
86.350187 33.338880
7.167775 41.795443
12.479619 68.888225
82.383482 68.240155
11.773342 48.694921
64.019660 88.563333
18.956678 18.267649
60.135238 9.613208
79.027158 30.336106
82.128760 24.954066
86.031968 60.321363
16.256866 73.502324
69.560694 14.495449
78.921961 77.832453
61.011263 14.996774
48.425437 90.745362
31.815642 84.166631
89.647491 62.612528
48.936602 91.151751
37.079611 15.244515
61.479014 90.153999
53.140870 13.806248
25.392812 79.195107
27.797124 83.569481
13.461975 70.012958
11.653840 36.014945
58.730060 88.129568
74.033475 84.356166
8.464776 59.083400
32.469227 17.144916
88.325285 66.005944
6.325206 51.717599
17.413390 63.865575
26.135592 19.345573
23.075142 74.274923
91.485111 62.623199
41.544738 7.711422
60.104435 11.676218
52.955937 14.248981
9.723865 40.612143
9.208177 49.571157
34.199631 85.844816
93.477597 45.283275
19.442228 73.268852
33.483108 85.661375
12.781662 48.765601
88.017217 50.383020
12.808442 51.821775
87.101658 48.038697
17.583801 26.885104
88.124180 32.630874
72.432643 17.630183
23.821503 76.585936
20.554821 75.066425
24.126437 81.239611
63.083596 12.087182
27.202410 82.248357
75.727545 80.008098
12.924067 69.323975
86.668896 37.690586
43.097690 90.208099
18.748783 78.665160
78.204725 76.853407
13.135729 32.571962
63.911809 84.997702
56.896247 10.853089
13.450806 55.419905
83.990264 65.576507
85.955310 39.895002
9.810535 35.000261
77.269277 79.182471
18.559488 77.834079
33.135423 13.065002
21.813233 24.333474
23.867110 16.028095
83.396292 72.095455
12.782479 39.268300
64.692701 88.175382
88.084120 56.308118
79.165750 77.351455
13.630955 35.649447
73.092393 82.001639
11.958025 45.535505
42.420917 91.135863
9.770687 34.064775
20.784246 22.276897
61.025149 87.989310
49.089153 95.278423
13.236139 32.588462
92.361176 44.207214
74.946188 17.182236
38.902347 90.319525
15.912631 76.646615
35.434280 9.201540
22.730196 19.125234
54.854015 88.400709
58.484376 10.649133
18.004338 27.452883
29.246702 17.573378
82.444755 71.092264
22.286975 20.939892
45.949892 88.506545
14.477750 63.230625
28.693395 81.068095
90.785580 58.152632
43.339821 11.550760
16.567437 79.205034
85.323202 54.012608
90.381564 63.847626
42.438535 88.811803
81.312899 28.252050
80.483453 24.119004
53.729791 11.017841
81.203352 26.955768
78.933277 21.790512
59.926384 87.338069
35.536108 85.074973
20.500767 73.317905
65.769692 14.116910
90.070509 45.676517
91.422559 43.068065
19.965525 77.792561
60.449505 88.196347
74.060377 78.762817
31.876486 86.217033
68.310807 84.941435
59.513942 10.824502
13.902901 35.650708
88.846043 49.141406
89.225451 56.496299
87.873929 62.480502
78.510494 83.294644
24.299876 78.558400
11.464908 45.998600
69.289578 14.080475
19.034673 29.211030
36.020058 86.335108
83.551595 31.684281
11.299118 33.804652
19.117774 74.858478
89.172255 53.688125
89.178896 53.016484
11.648728 53.975632
42.540690 13.736089
17.519147 29.873898
34.658340 15.861392
12.529211 64.798573
37.293269 9.302997
39.483006 10.242702
17.813071 71.988153
12.590839 71.499774
86.760320 42.059284
9.804392 45.789843
73.986976 18.539984
26.048453 18.178467
8.983821 57.278114
18.295903 23.532634
75.560926 84.008195
36.164814 86.198074
43.970366 87.799789
77.370058 24.551942
84.280731 38.986253
83.119951 68.695280
13.626813 28.677332
47.914017 8.662985
44.791024 9.088012
89.432004 42.183651
16.810090 73.249840
79.959257 25.994942
82.581394 28.139144
53.452039 10.366901
5.375183 46.728518
76.876765 24.583302
13.455829 64.129026
62.270040 8.859697
48.474046 11.959801
79.605171 77.814069
85.080606 29.792049
71.376448 86.943244
13.275305 26.388648
65.301670 16.157810
75.394536 76.178978
12.102561 45.539893
14.142475 52.472569
75.975983 77.266240
13.378216 62.080732
18.830420 20.932367
84.499302 62.130765
15.303040 35.209617
18.663567 24.902371
38.566446 8.459779
77.256921 77.504512
43.743997 89.215748
10.907922 36.231146
89.197791 35.630999
81.493172 79.425020
25.179109 87.173630
84.811484 30.387251
55.610354 89.832358
73.459360 81.657823
59.134045 11.428447
81.094756 75.353403
72.606722 17.311624
65.590429 13.602603
47.445480 9.573654
50.675724 89.600062
66.308997 14.335283
71.215918 89.239891
29.688842 80.231101
43.215755 89.889669
27.833539 82.434757
45.119745 90.212277
21.903107 25.894679
20.971990 75.049094
14.222818 26.994968
91.731392 62.392133
64.396314 87.125745
14.160338 65.815351
19.083909 76.938623
8.938947 40.742736
89.288159 65.365071
14.901248 67.582672
10.708349 34.894784
64.877353 16.159644
59.549179 8.946070
60.587976 10.328987
59.280884 8.142569
38.544246 87.624193
30.346463 15.993039
37.077626 88.889847
17.497598 26.783168
37.277231 89.532758
68.900795 82.877315
53.686305 10.398249
84.296895 72.645291
56.653843 89.041001
13.736864 35.685274
8.707551 50.715126
11.835071 62.199987
46.089902 89.723021
73.272853 83.328766
25.971582 21.368733
7.971065 48.245252
55.774674 90.214352
84.181012 76.534193
89.990548 44.648055
34.986973 12.067322
81.758709 28.951495
55.546951 8.445431
93.528932 46.150171
59.152607 86.801249
9.987544 58.920595
22.874778 22.285322
76.197443 74.280974
87.454892 48.088136
86.980393 53.967612
9.889320 48.748041
21.185988 30.150635
21.311910 17.807477
60.171296 88.136740
13.531895 59.979251
76.381123 79.047987
90.448779 59.617011
83.143389 72.506258
85.543399 59.126900
27.257073 20.314253
86.606784 30.593391
88.438726 42.132684
70.721686 20.969405
11.831173 31.858088
61.082268 88.098151
13.419578 43.150712
64.916098 16.132264
35.758991 84.378365
88.175393 58.683729
50.965852 91.932010
32.840570 88.600317
12.940847 26.211744
79.757068 76.651012
58.618624 88.774678
63.310705 17.599057
54.165036 12.057141
56.741467 7.416277
91.461066 45.652339
88.362680 69.239926
6.985378 54.455097
12.980229 60.237822
12.717181 53.274877
89.910010 40.733705
16.802621 72.610202
87.861135 68.874815
22.310751 76.418183
64.705368 14.355357
72.006537 13.458399
24.513206 20.031148
73.019090 21.789470
59.582986 7.875343
62.204816 85.667206
18.868630 74.900460
86.308270 58.167628
83.269516 74.037502
25.090545 15.001046
52.677144 13.997536
11.967560 52.326875
80.023451 80.763286
89.240021 51.536418
10.612161 44.887688
24.920494 15.392142
60.357801 81.925520
91.697305 43.100026
41.343526 9.235721
47.207139 7.165334
90.251730 66.130077
10.667847 34.984267
61.939686 91.452708
36.695820 87.388181
9.388476 68.053487
10.902991 47.745263
20.939968 19.189924
90.067716 62.075302
71.717560 82.452865
6.774464 51.956809
67.419097 85.450454
32.982489 86.981782
55.145479 9.074063
14.601717 66.123695
8.986570 59.485681
38.332172 87.945825
26.498555 19.596828
89.687589 48.263132
85.982006 63.349411
91.355687 62.680908
73.691899 84.203270
11.820289 69.957191
56.580565 7.330041
18.277208 25.622815
79.755681 77.985696
90.116652 47.571599
44.762857 88.033013
74.759851 84.686072
92.212554 57.925105
56.500006 90.562330
91.373519 44.675598
86.761481 42.531219
35.871941 89.210385
33.054574 11.890398
88.747091 40.003768
15.005145 73.387316
40.466074 9.847148
77.018420 79.597912
42.925065 8.466963
74.230278 17.751221
65.632649 16.488843
63.118309 88.181436
83.480987 27.498040
68.498925 13.322702
30.319478 14.512787
49.165746 8.934061
69.002655 14.721631
17.924137 24.446733
85.567184 69.853858
89.112075 39.751881
88.056372 43.958138
79.792571 21.629219
10.774920 52.420603
74.760316 18.051082
94.074294 46.948705
17.173650 25.268196
72.195723 16.977118
84.860572 34.684938
17.003248 71.792649
13.179960 47.590762
22.800600 77.322108
85.559846 34.828016
51.627066 90.273501
10.136747 59.703687
50.122044 11.087347
73.310190 13.852707
87.122660 38.050378
85.366158 67.897037
37.798131 87.713687
84.954583 30.446030
78.707428 76.627336
54.079334 87.924888
87.737475 67.132542
78.123084 23.878076
75.580831 85.708482
23.246112 80.832638
11.317741 34.522257
32.481608 12.103596
88.540135 53.969459
58.386942 87.075746
88.520481 61.875427
32.576879 15.093235
88.494031 60.055633
21.347844 24.029292
40.553465 9.252557
76.933469 84.520233
85.507325 71.215844
66.022312 12.204614
9.385021 54.275291
77.382750 77.023726
67.583463 88.931831
10.245122 57.005799
87.068902 51.674737
85.993890 34.644113
43.669914 9.759881
30.677225 17.430207
40.554208 91.491712
13.033803 39.600193
59.529599 90.755539
32.029964 17.430599
87.310715 28.455924
74.207677 20.056841
74.685115 79.505999
15.493934 34.253341
32.720407 13.081762
62.501349 12.417626
13.867309 63.638513
13.482338 34.435838
82.400300 30.867902
27.308122 16.784989
89.693887 31.683229
37.429305 12.445266
84.211385 33.553668
11.110791 47.397061
64.684748 86.679486
65.240495 14.388734
75.123504 18.014512
95.205123 55.952398
22.483091 20.930738
41.867848 13.090920
88.865427 66.904886
13.043065 63.853333
88.215780 40.597041
65.332734 14.124329
70.875706 84.516440
61.972638 89.325202
85.473779 42.482658
20.490119 22.351771
61.583165 86.991358
84.614859 29.263244
86.640099 44.947554
30.141818 13.524320
29.015057 85.523058
85.583225 71.390054
62.895714 90.348229
45.981185 9.094465
59.715410 9.149193
35.933376 16.570605
82.463436 76.302354
57.840206 7.158332
27.477717 21.201543
47.448671 89.760564
42.755290 11.760670
29.257407 15.770521
56.465221 7.914103
70.425474 83.708844
45.021297 87.517067
34.655447 86.017700
90.816683 43.013628
59.651007 12.813121
11.750420 60.504040
13.341359 58.124157
92.899130 52.812423
55.342729 10.503260
90.283825 43.479872
32.672817 85.625895
23.832962 81.537094
45.110516 90.170442
23.586707 83.804664
24.133625 17.701179
15.620675 70.904838
88.260292 48.319870
46.310756 87.547733
42.386145 9.042181
47.538648 92.684005
14.845732 41.461106
45.261119 89.521505
84.665778 74.063840
45.973571 13.624540
16.688686 69.704205
90.098067 44.972587
21.037027 77.882169
57.261694 88.825623
66.827242 15.363288
78.128543 20.172239
37.832828 88.641244
51.129845 89.763609
33.639902 8.886886
85.325539 30.558469
68.925611 84.174129
59.763726 91.820738
78.769018 20.809188
82.131113 71.843322
73.641164 12.854963
42.257600 89.683096
23.097428 24.643131
78.065283 80.094414
49.468712 92.689721
32.048474 13.012209
20.505615 74.879975
7.815342 36.280959
28.767212 20.940554
33.311647 88.815329
63.142516 9.211109
12.252707 33.652878
25.216485 21.547822
36.178199 87.891126
56.218839 9.877090
39.279296 11.631543
61.125131 88.628023
11.003859 28.648420
79.529143 73.035607
17.646452 25.374255
16.924223 30.714269
87.612619 31.039577
10.795615 55.870615
26.213352 85.605466
23.955261 19.483724
11.167639 46.100295
85.408968 27.381517
54.548181 9.119588
82.223496 35.541781
14.289155 51.241975
42.410730 87.860352
93.432171 54.850116
58.402872 8.954280
32.159877 16.308502
13.633204 46.584306
25.849798 17.907930
69.080718 85.981116
43.742478 10.735706
86.227973 47.581463
74.307213 18.725851
25.498877 18.848160
19.421453 28.069342
9.253023 60.984740
71.654805 16.155763
86.135043 25.749119
89.102495 39.351129
21.857895 24.640616
10.255176 39.453481
83.755210 71.096418
29.059637 84.935925
87.676653 57.297114
86.659853 60.265960
19.472050 20.867589
70.506684 84.742446
50.585606 89.868302
33.412759 88.493104
15.386558 60.473393
87.644358 38.194962
71.250995 85.801775
73.298203 84.422144
53.141635 91.083726
92.429589 58.096565
25.641205 82.210007
16.003353 73.137725
86.598252 29.474870
55.669556 11.731322
82.197778 73.215073
77.444075 23.940252
48.499698 7.568713
14.554943 65.380546
88.092796 66.344641
87.816366 38.182260
10.706104 60.212136
74.071919 19.033190
23.197522 23.352448
82.510176 68.131899
76.002392 81.331710
6.232606 50.008204
62.761885 86.202904
41.984505 7.831103
12.570402 59.999832
73.031051 83.972233
69.641552 15.446478
20.352038 26.210116
76.443225 77.511393
87.119899 39.120152
35.150283 10.490044
22.256875 75.634013
33.648885 15.779461
38.199724 84.165754
35.454589 87.920546
16.086645 70.579989
67.499053 17.595413
11.446978 33.960642
64.037372 14.732260
69.342884 81.812600
58.298019 11.057327
13.592473 26.240256
57.901094 11.220124
9.492357 54.140509
17.765220 26.834948
27.066425 17.642222
40.062043 10.760826
57.417147 8.782544
21.164243 21.602645
7.619357 48.008759
13.384856 67.260614
35.499395 88.975529
41.672065 7.308548
62.589487 13.773721
57.607616 10.273800
32.207401 14.755466
24.586623 16.337030
85.689657 69.911092
48.316571 91.007246
81.320965 73.081726
89.575587 62.869493
68.037508 85.873093
73.571701 18.885299
20.612140 71.319258
21.265780 81.274623
76.258026 79.906992
78.823657 25.479094
75.377583 23.710981
89.189362 53.183493
33.953538 86.390868
23.460354 77.380506
65.507453 87.983633
36.675616 87.017969
70.271075 16.876931
45.548946 88.767954
7.747515 63.025905
11.024982 49.942737
56.516394 88.570445
81.692020 74.027728
70.979572 84.793836
59.104872 88.495577
11.760867 33.899858
60.334213 87.737037
34.727014 11.718792
53.468425 91.234867
88.886821 36.601416
47.029594 89.466878
85.873909 39.276513
85.918880 43.126202
70.462435 80.791482
10.504589 30.461369
19.194696 33.398215
83.767267 75.651731
88.772392 51.231571
30.143913 16.671615
80.496551 29.131730
90.003185 53.338688
79.282941 74.050837
83.431307 69.941788
80.592138 72.537299
12.172712 62.025559
22.244341 82.190061
29.550357 18.098246
77.912748 19.886032
10.448002 42.494207
52.264490 89.892782
44.152953 91.761537
82.618132 30.282026
71.054336 15.903279
18.450850 72.160919
23.201619 79.097682
78.875376 78.071218
67.582237 12.034380
89.844603 44.641392
39.718560 86.018616
8.978971 46.536511
25.631853 82.092792
62.993872 10.312177
51.717715 91.144926
12.881802 63.482135
47.347059 87.296463
68.675162 85.664606
86.396866 33.475453
34.877200 12.329823
13.249528 67.241618
89.272616 38.392489
78.241445 18.965684
67.206181 89.255801
90.772911 62.025550
79.970684 73.966913
33.955172 83.492626
13.327893 67.764052
85.324424 68.721024
77.842023 18.294985
18.580108 27.462893
34.627934 10.771822
87.344883 65.222164
59.324510 88.841448
75.415981 15.633954
35.661650 86.054111
63.053981 88.597122
11.625877 62.996642
24.996973 83.466313
15.034258 31.693176
57.429340 13.257241
69.861283 12.322021
50.605213 89.079127
74.494575 17.467433
81.959640 73.189326
11.569165 46.343589
21.481012 15.895135
64.281633 14.047653
78.335517 75.546648
85.089453 35.264600
7.151940 40.311333
88.340229 33.116408
86.961927 61.518216
32.302235 84.622666
43.843726 92.275181
15.039110 73.761027
71.409411 89.041849
17.317422 26.526427
79.488824 75.497100
50.219836 11.858563
58.441621 89.694025
9.723667 43.251458
10.826291 54.353615
8.842665 59.106542
81.040155 79.141271
35.384902 87.340680
57.566861 10.449272
79.912117 79.617586
18.449879 22.495874
88.429772 59.642502
9.266773 42.430600
37.412605 13.236728
29.644384 83.451194
82.634062 70.827021
80.797092 75.227825
20.737488 79.680479
86.623812 62.308627
12.125492 33.570556
9.175765 50.250311
12.511150 33.442494
75.044926 20.998736
29.486889 18.466066
7.396599 50.780734
71.503383 83.006917
21.958663 16.983847
27.477120 86.359208
87.836223 46.213966
68.690538 86.115217
39.553058 92.637012
43.600836 91.609176
28.205230 85.364571
60.295772 89.234476
19.792439 27.849414
87.652592 30.089404
76.610560 18.173691
12.347797 68.005386
85.834111 69.836171
88.921676 38.007422
77.198087 75.706062
70.397991 81.371388
10.438059 38.636681
27.475323 80.160923
13.345995 57.815681
10.967011 37.180963
14.956129 69.139002
86.371581 36.512723
13.467281 32.172779
43.803019 7.643906
63.956735 82.793761
83.188709 28.679359
49.191866 87.510992
12.044304 36.655372
81.491966 24.965393
90.011249 60.670514
78.502770 74.623290
23.325393 80.663519
5.664488 48.121453
65.073335 14.120731
54.707433 9.513358
59.821135 7.425244
32.335077 89.975986
87.645555 53.938359
24.389180 77.963075
39.970973 90.926914
13.633022 72.405117
9.409218 42.822294
27.273564 16.164235
53.767827 88.616073
61.460787 90.713633
43.679263 8.510280
75.819741 82.498535
19.935889 22.052272
74.824069 79.702113
89.014751 45.248650
13.028961 62.773958
83.198607 28.929357
79.501560 24.222347
23.330599 23.737724
18.504557 30.184508
87.480972 41.481515
45.617647 91.611530
89.677683 55.815073
23.692542 78.258249
81.617416 78.913098
29.126684 15.501854
7.116071 39.600428
50.542954 87.202364
53.335043 11.004728
81.779071 74.101638
87.110217 62.809689
91.208401 62.820971
55.713920 9.649136
32.345223 10.791818
19.057506 69.210583
73.465809 15.578286
57.149958 11.777558
15.886890 28.733410
41.255170 8.963054
77.240730 80.519958
71.501840 87.760897
10.846504 37.809683
61.159902 85.546381
72.509239 80.655666
65.505030 14.629105
90.469835 45.114203
15.299069 67.819561
89.522870 37.818086
47.535837 91.828740
16.085140 29.774163
77.829132 74.423518
56.875717 11.352752
13.689819 67.629818
85.422448 70.435634
48.788098 88.146964
40.759178 12.296041
86.682899 62.975360
39.549347 13.131737
47.524949 86.658360
40.255798 8.942890
9.652999 38.740618
91.780549 60.331603
33.901296 11.996887
32.575270 84.199997
27.418515 79.482814
55.928123 91.332730
74.667927 79.009043
18.466049 15.693420
53.672468 87.874961
39.770081 91.405556
20.044711 74.187165
34.685400 10.391213
8.489701 53.744148
39.280324 14.889463
34.191187 12.833370
32.445231 11.271508
81.024286 24.416995
20.078948 22.702402
50.415683 90.556979
53.071474 87.550045
53.668767 92.085693
75.257175 16.926519
17.703885 71.751547
22.628244 76.573294
82.199511 70.366487
85.237792 34.181742
41.472789 88.638386
28.055163 19.678602
51.898486 90.087517
85.412855 67.863979
14.538646 29.340501
19.134282 74.958390
84.406062 71.079913
75.282099 18.333732
87.965076 41.638346
78.838141 78.716493
9.471389 46.025456
15.751485 32.178064
25.508716 22.346259
77.060403 20.563139
12.373845 36.486588
56.537097 91.226600
23.881613 16.730956
31.122738 16.402278
64.581240 88.024125
12.048455 66.189489
85.865389 37.881872
44.636582 8.437199
40.269987 13.735265
84.259877 76.301521
52.437350 9.793942
25.812698 13.980475
29.578542 18.636202
50.174403 10.570074
38.664180 85.744611
8.223133 58.571509
12.228726 39.517256
80.069554 22.357868
33.090449 88.030713
83.872994 33.394316
87.144935 33.066304
11.670773 40.843075
9.962349 37.248588
10.880880 35.508872
87.173600 42.242832
88.810010 39.263012
45.170419 14.307432
83.854445 73.269409
62.068235 11.373056
76.739666 83.048950
90.572520 58.664632
85.798392 42.845359
76.980675 22.460973
29.272732 15.916141
12.283484 64.372651
66.486141 86.728067
76.369990 21.530833
39.290807 89.605350
11.163428 51.492643
66.101924 87.773775
83.938313 66.833967
30.240228 17.304031
72.619757 82.992744
89.580806 52.086219
17.733269 72.283435
86.536249 63.738334
62.741259 85.301625
46.423767 90.353756
29.703690 12.195636
21.878492 18.938584
85.856327 67.331140
79.586537 27.480932
15.664952 41.909212
75.206023 82.140616
71.117519 17.044522
76.155129 14.970975
28.008613 82.283819
15.379361 30.744274
75.204179 78.901505
63.217406 90.774982
86.299990 73.514331
17.814865 28.728055
86.743894 33.392609
17.150564 25.592331
23.633275 83.632243
83.179825 29.920903
16.974869 28.583491
59.718028 89.418883
8.613952 47.363047
45.057818 90.125462
9.685059 42.673062
66.257408 84.716620
90.511818 54.549841
22.621929 79.887429
83.338523 70.160887
12.810418 69.475720
86.006971 27.748493
26.897839 82.411622
14.224908 38.810430
51.473465 8.145703
88.924452 55.444606
40.640044 12.754826
21.991474 19.562884
12.239009 66.189934
30.390250 88.316220
90.831946 50.936507
27.262822 83.011300
15.238263 28.761400
61.080198 14.951125
60.258989 13.841451
59.775234 88.606138
72.189570 75.689514
90.299639 57.354482
63.656151 13.974584
68.244660 13.219105
23.123277 20.108963
50.759221 84.766736
53.053906 10.500561
40.805992 89.782294
25.251581 16.240615
73.831758 21.749095
39.576299 9.151073
10.500379 53.097880
71.276834 20.209254
69.744049 16.737905
90.879900 50.504389
50.310389 10.165610
11.053031 61.219075
14.318494 41.277988
10.393358 58.311800
64.704508 87.537427
50.900383 89.531970
70.213039 14.075136
26.825455 15.626969
89.255776 45.195584
66.066687 12.796680
88.893838 59.485982
44.429135 11.765873
15.145235 72.045925
64.212420 87.626862
37.770453 10.539727
14.503005 68.323825
61.086827 89.670380
13.502242 35.298107
41.668395 9.180013
88.282394 56.758754
74.949274 80.546330
68.444431 16.852962
82.867267 68.161496
72.041707 20.285605
12.279400 37.238308
85.758911 60.631777
51.391481 90.457174
65.826797 15.446220
84.368494 58.741586
48.544244 7.103253
21.099042 76.534527
67.507862 14.736818
30.107051 16.748965
73.514123 82.920700
89.283663 45.287354
43.550133 9.525318
79.151632 76.048914
19.755905 22.976100
50.852817 8.504519
13.343850 54.647464
47.467172 10.531212
83.835800 68.390226
11.759460 55.692372
26.264313 19.614626
11.675311 64.689258
10.132932 65.474887
42.351892 12.251053
57.870297 8.594095
75.969576 79.812338
63.162525 87.984876
83.303166 72.805359
85.062279 58.586024
14.459180 63.146003
86.986887 36.573456
66.157137 87.965319
83.677114 34.951669
85.604521 35.503706
54.818337 93.676784
73.131173 19.048591
69.078805 11.951420
31.091443 10.395463
69.841197 14.284801
70.255403 15.655416
69.577955 13.376923
89.146804 34.350991
17.740634 69.105769
60.568507 88.148221
88.223461 37.145531
54.801953 10.947841
10.618994 36.697198
88.431031 52.043990
19.626371 23.842977
89.146486 53.647059
9.431195 50.311504
21.790033 75.355831
34.760217 13.936803
52.476473 94.293587
78.230119 21.142998
78.468434 82.343359
8.604864 48.679679
17.425724 70.334021
10.437243 47.474583
42.953116 87.289698
88.292858 36.963636
16.201768 36.141379
64.029780 86.405144
15.741897 68.834014
50.165651 91.833745
9.477834 52.311835
87.431505 38.933515
24.822188 19.908177
33.681959 87.252891
23.097027 22.077591
17.766120 76.217112
19.688653 75.808229
25.942296 81.162466
82.684925 73.508838
24.160291 75.380862
13.476415 68.166793
81.840775 27.295885
27.475841 79.092621
20.478945 26.982227
37.126288 89.377620
47.579601 11.527267
63.743248 15.658653
13.787668 31.198128
54.028825 87.297168
52.176221 85.196199
83.387860 35.618090
43.185233 9.733150
85.651519 37.761331
32.556383 86.327053
13.646556 70.512405
69.154236 13.739589
90.059074 45.229461
17.229145 30.262174
90.277532 38.365199
65.513253 11.555800
73.277950 15.096511
45.245581 88.769165
63.997371 86.455555
58.055060 90.662880
27.010750 79.699285
40.803117 9.707209
87.725695 36.259704
66.460021 17.114842
61.327835 88.982686
27.687491 82.310127
22.599062 20.017360
78.661583 77.646284
92.037343 50.604817
89.111267 56.584021
52.768209 91.728424
90.193922 45.059535
29.284031 13.122120
55.444558 91.911079
10.590780 53.314315
24.705855 74.251309
43.035433 10.428733
26.916322 15.866538
24.084568 80.187014
9.679185 53.704750
22.763527 20.517337
12.258913 56.928418
54.370729 88.640324
39.565370 11.982186
61.967248 9.350234
53.167704 89.821622
78.950315 78.778569
85.989466 57.368343
26.912040 17.514101
46.737426 90.602667
22.256029 81.680448
81.611067 25.441108
89.254570 65.566996
24.105017 22.264840
50.597989 89.849672
34.449447 15.006179
33.506606 83.352165
90.265228 41.640316
73.165166 80.361677
75.751151 21.741015
9.936308 52.445379
79.418000 22.719988
65.845476 82.023680
51.100680 9.957994
36.506551 11.012440
74.075680 81.033553
50.210208 87.087460
82.457223 69.400587
62.736854 88.674216
68.027659 84.358984
38.909851 88.058693
53.515156 90.318503
13.053512 65.547235
66.853355 88.595705
28.829158 84.741801
14.254766 68.872872
15.046644 68.507439
58.076400 88.162939
83.374656 35.645544
77.962967 20.900608
61.181537 90.281225
60.839622 91.027698
85.196785 74.196046
76.448573 82.262837
33.215362 86.512273
90.641140 55.870373
70.732465 16.227527
87.937832 57.669751
8.431171 44.389012
63.163577 87.152592
23.656752 81.555112
26.838815 14.957399
88.207819 52.773798
40.591735 11.536568
39.330206 87.558575
17.794479 74.524265
83.688362 74.240028
63.251677 87.141105
61.421494 87.342973
82.371464 72.868498
31.629734 13.055245
42.947773 89.947003
13.613704 59.824815
39.522854 8.810633
52.721102 9.375042
83.762277 27.635976
75.331606 18.623813
21.794614 77.027115
90.099973 39.754801
88.539840 43.662078
13.252675 28.613270
47.986017 8.881963
12.505138 62.242781
41.241192 87.720465
62.820307 12.034860
16.839417 37.973103
87.238310 38.802853
55.576193 88.006664
16.390086 28.163387
10.218571 53.863715
17.320970 24.688726
68.028542 14.816553
89.638840 35.161738
17.921585 77.636631
11.515829 52.914600
12.957161 37.958496
87.246641 59.457187
38.088311 84.702645
55.879748 11.829050
15.874443 66.035041
14.895936 61.576619
82.281483 22.940067
89.742969 49.879419
91.952336 57.541004
85.278907 24.946807
24.611507 83.476361
81.831826 26.456129
89.196082 45.838488
53.986233 90.651168
58.509239 90.203451
82.931627 29.810123
40.338125 90.340413
68.140009 15.269904
29.853698 83.579108
10.575460 48.137142
26.498516 79.361112
89.284837 35.763489
10.697373 64.594918
35.387599 13.392988
73.468846 81.146453
62.822756 88.234486
81.686486 24.186293
47.137899 86.945354
86.339008 56.898067
8.681092 50.538578
87.816971 64.051982
63.094616 12.595078
14.544091 33.866810
19.003284 79.806477
87.314971 37.024358
66.296613 13.101722
76.504742 19.807393
40.355255 89.765196
36.133365 87.700881
90.186652 37.741350
16.130296 28.738115
53.391928 88.902138
74.353160 80.349926
69.136865 85.335453
64.345853 83.994464
38.929441 8.470721
32.115511 83.881691
88.851524 55.477593
46.108804 10.734174
45.988981 7.572335
87.458312 41.686351
14.950125 65.032224
21.128213 22.890220
47.828997 11.345610
41.178115 9.720260
10.433387 58.081812
10.026413 52.239567
89.558145 45.393111
6.739995 49.518565
64.001165 11.546419
69.610055 14.659738
40.577638 10.552825
65.392110 86.190843
64.591541 14.815521
42.523793 11.352941
10.781393 58.163432
11.696745 48.971403
12.187338 42.896433
27.658715 14.428962
9.819023 64.210164
15.280789 60.619891
86.898825 31.512575
40.316088 84.842374
56.992014 87.847852
15.266744 68.774438
32.194110 85.248386
85.389012 71.337592
67.154969 19.221578
44.555024 7.770998
46.042221 87.626372
11.754899 43.071221
69.754722 14.551269
82.222285 77.477018
55.268922 8.453719
85.389843 72.311772
56.316758 94.767176
15.205828 32.573248
45.178163 85.966486
47.769152 12.601833
85.590368 69.721806
44.148392 92.751037
56.284427 86.686960
80.367334 74.987483
66.869000 83.694569
87.960720 36.645099
63.081475 89.133310
13.892393 37.891357
49.806673 90.849474
39.820765 9.905221
49.589516 11.153849
59.280728 11.369865
84.988277 31.806326
89.934441 60.957465
75.992031 80.569756
12.605849 59.930544
72.974703 77.506575
91.402464 37.060723
37.450306 12.196149
88.368622 57.998284
54.515993 87.718544
12.134709 42.382356
81.544281 28.937125
17.242200 30.219529
74.562234 16.044090
73.661998 19.366266
27.599620 15.697928
26.482830 13.856749
35.391913 9.841072
66.237255 87.576777
48.733648 91.628916
8.398778 50.521659
54.524613 89.965060
59.854086 93.056532
47.881205 89.195041
25.461788 83.833636
87.741867 45.533899
86.332880 49.180740
39.600148 10.148826
87.248360 38.050422
19.138577 80.702118
10.626347 61.479337
85.313822 34.356330
68.225547 87.650385
85.530849 35.264411
51.956013 10.834284
77.828484 14.786542
85.889710 31.234632
41.239847 10.496427
83.763048 30.049597
47.400190 9.788052
89.166695 54.772953
92.012393 45.099735
72.648459 16.254998
18.635108 74.274215
13.416673 61.972629
76.351256 18.321407
32.032812 16.041158
76.765607 80.049274
40.154637 86.434820
28.995631 83.865201
31.635937 16.548634
45.426671 12.978785
66.603941 88.043246
91.610499 59.815148
13.620701 61.127275
56.542046 12.789270
57.027432 91.553707
46.400727 11.945003
88.471500 55.852369
80.759154 73.391007
19.948118 27.844787
18.509259 31.988951
15.740479 29.682275
17.995191 27.016559
47.588788 90.837427
86.005609 70.632997
76.368341 77.012018
9.402724 47.260360
86.679442 32.362173
41.214908 9.220317
23.576124 80.958254
31.649859 85.504608
14.141329 30.141471
12.102254 66.212932
23.329588 79.061468
17.555084 73.333424
80.358471 76.252905
11.679398 47.240728
58.631601 14.066119
65.800239 88.320745
16.821648 24.041671
63.243658 9.469823
24.018001 84.570807
21.585960 24.456296
28.928049 85.191499
17.445421 26.990616
41.481544 13.579095
61.163307 9.785874
15.673695 71.803348
88.311704 41.389533
80.597179 78.434120
29.962112 87.701597
57.324204 8.664650
37.419691 12.150408
59.851409 91.264161
87.018468 48.028243
33.118856 11.156650
58.076406 88.849667
15.764199 24.506956
27.836283 17.937157
35.008304 87.123372
74.105321 16.377103
29.234323 84.343517
78.434818 75.699616
19.923804 39.527521
61.319039 90.986544
8.809324 52.287910
93.339845 49.692019
70.741117 16.712600
27.362369 18.158387
40.095424 10.038308
74.810144 18.599724
11.355323 50.086767
85.409084 72.828747
85.178111 33.460539
87.800673 52.359229
59.329806 86.093661
86.271033 37.679105
78.306342 79.649567
32.095602 17.074097
69.496668 16.252887
27.495378 80.899443
74.527906 77.309966
83.476156 63.410330
39.186467 13.618333
13.829206 60.607380
20.982723 18.983298
8.609049 59.837616
67.721063 11.390760
13.894631 64.860553
72.811962 17.091887
15.038060 64.088448
32.469927 11.059717
75.681841 86.961197
18.322762 70.012779
46.186159 91.056160
89.121101 29.513459
77.016233 78.566576
39.617345 12.747634
87.178705 62.857660
85.424728 27.459472
33.550803 10.650864
49.901618 88.317489
18.395973 30.756675
24.726239 81.691159
76.058750 19.114198
78.995830 77.198489
15.673236 67.701500
7.793937 44.588966
83.532314 75.048323
89.877630 54.205275
43.082982 91.513884
29.980342 85.743695
76.356047 72.949754
73.687496 19.171808
59.192113 9.860475
32.222229 84.039319
50.800033 88.894648
67.201082 11.423785
90.785499 33.087505
14.162576 41.466178
12.966493 61.312042
12.242837 34.339152
15.033152 71.989244
69.221636 14.254313
83.451366 63.743391
29.400057 14.325367
42.839367 7.848887
32.599614 16.880240
34.423372 12.732997
94.122531 52.303615
56.561627 11.034398
25.957034 17.856273
71.795525 84.522137
81.737291 73.762953
72.274436 19.006174
79.080364 16.151729
15.820147 67.740051
10.762722 30.440268
88.681691 33.954875
13.979194 65.102764
30.338412 87.267995
89.212865 52.807265
75.470979 24.352311
70.585636 85.301021
59.708370 10.210273
46.911711 10.048659
16.450478 71.551826
27.883834 81.817644
54.231946 9.916672
92.809658 51.507385
50.823986 11.603548
86.331996 37.221413
24.136806 80.258036
21.187826 76.040038
79.822328 78.665028
61.844176 10.242790
66.298019 15.733383
71.617400 19.338555
41.464042 90.196244
9.357503 55.346692
10.362179 57.555600
17.995618 28.587489
21.052607 75.954277
27.910641 83.975149
56.998884 15.196099
90.664108 35.168114
10.777731 44.595103
72.842926 89.574031
14.887131 70.645022
16.255340 26.522377
59.244201 11.878191
11.939621 34.716206
13.948944 63.515613
13.286921 65.859130
89.928511 43.487967
70.739006 20.492007
74.570904 19.996525
88.379617 33.532256
59.609844 88.486893
11.827975 52.049835
46.139326 91.511983
70.222716 78.873846
17.980030 71.177939
80.705352 29.124693
89.411245 62.445192
28.440167 81.720238
53.202285 91.208508
14.597371 27.019185
29.947353 83.180063
83.066392 73.855287
31.088635 15.269871
79.735546 71.090808
89.946520 38.315351
69.441141 17.154858
22.313035 80.942002
86.961363 70.389878
70.028247 14.722826
42.694551 87.765960
10.592752 51.184158
13.447099 66.953115
85.840028 31.944267
12.004146 60.148226
12.573053 44.623071
86.371636 30.967198
25.048968 19.464833
62.757262 11.875060
85.128942 30.213164
8.449261 59.674889
50.012580 9.377681
11.407885 53.551147
39.311613 12.063617
78.951060 26.192460
22.019476 78.208653
10.625150 58.986359
33.813424 11.701799
90.166131 51.434335
77.888365 77.881482
86.127327 30.413688
90.029450 51.334737
59.263470 12.370644
39.148421 86.106509
91.122264 54.223054
44.601803 10.561205
12.528995 56.842517
10.942976 36.979561
43.708328 86.938724
33.696288 14.066167
40.455257 9.510332
75.253165 79.693973
47.477503 7.409515
12.244119 65.779461
45.329689 92.010905
74.822424 20.046473
89.018249 37.489209
93.132070 58.271068
86.648232 27.593158
68.541962 16.489569
41.006646 7.263277
42.528689 9.918187
86.209997 47.150398
37.406252 88.030162
26.819764 17.726540
11.857464 41.004695
49.037963 89.383999
38.878698 12.182879
51.775546 8.464932
8.573056 56.097880
74.127476 14.989551
68.077240 88.008945
30.170400 85.443997
15.359808 73.988966
76.728787 77.087844
75.716790 81.664249
27.223172 85.824776
88.776877 60.681424
84.330201 62.315907
49.171082 87.286889
85.240640 67.398937
82.980512 25.072094
18.169396 25.986575
29.065257 14.599506
9.635185 41.957302
9.327759 42.508155
35.876732 92.687220
67.008541 13.891074
83.226856 72.967292
90.572170 45.498526
17.706692 74.745130
16.754772 29.072917
36.009362 88.234419
45.230101 89.220653
84.652448 62.417827
9.893597 47.282014
77.457857 18.686564
58.731814 10.366516
26.914673 82.802503
41.268423 10.816190
25.320186 81.656233
29.799572 16.640406
74.066679 17.308011
28.037318 13.512745
8.365911 46.967425
11.197921 36.059629
66.948301 16.687026
88.232543 58.979714
9.423173 62.517049
30.596849 17.138485
12.055529 64.022012
76.406104 80.607080
86.394453 60.728552
23.400433 17.979475
28.619594 85.882548
61.779604 86.441106
41.038148 13.668719
55.271885 6.375360
19.529541 72.293161
67.065475 87.874609
19.097487 27.610153
74.951618 22.250331
67.080640 86.091139
82.221334 73.624244
12.386737 61.545832
86.619743 55.727903
80.362817 70.261731
58.534758 7.757845
73.002669 80.278251
77.972037 24.776719
44.066538 93.567110
71.913427 81.692381
21.212345 79.534611
34.285371 16.366531
87.364863 56.705702
49.942773 10.904220
80.759035 76.247518
73.975120 83.920389
68.821324 88.537223
85.347942 36.528483
12.544048 35.174447
80.669859 26.354731
11.969539 36.769664
48.135486 7.635099
88.056747 50.767866
84.890020 34.590527
19.338756 29.430257
89.880542 48.744747
76.587784 25.048779
49.397401 91.098488
77.427642 77.196484
77.048752 21.925982
89.108454 46.531717
59.202694 10.049461
18.798195 23.641570
56.916331 9.546146
84.905230 67.424655
9.438283 54.318590
48.063931 86.514352
88.988720 52.081470
87.803270 44.438470
81.081622 28.191725
81.652539 22.752458
10.861342 49.683515
18.120792 24.975521
81.027576 23.137518
86.992047 35.209346
63.519831 90.970086
9.605036 63.353669
87.680783 51.335182
41.933527 12.065236
52.462996 11.745979
27.087943 17.390437
88.507584 33.774818
11.605996 70.022829
10.621990 50.179080
58.638548 13.404541
14.384731 67.449337
85.473493 33.195146
89.032430 54.828585
90.755606 39.673708
41.101649 10.696357
16.035838 63.711272
52.781507 6.638426
60.309469 87.388242
55.555209 9.105671
74.746896 77.288698
70.828116 13.261270
70.503818 14.750821
37.890970 11.680534
70.885109 88.023182
56.431455 10.867425
21.945303 20.606159
79.525907 73.156908
13.917639 35.092308
87.093431 64.530470
18.299579 26.045966
87.091322 36.265929
30.056639 84.771752
45.213661 15.297723
87.559522 34.202318
22.138918 19.362710
16.087555 72.964673
20.710910 27.027075
77.000498 76.082532
45.787031 12.905295
85.152214 43.303393
84.275677 27.602755
89.823954 41.566799
35.715154 87.662404
20.657752 78.680061
18.180057 74.966724
22.191195 80.122050
26.299948 88.350310
68.570780 83.021491
54.993986 10.027163
89.833408 63.365063
90.909831 59.441694
25.938466 77.295376
45.795472 87.573690
91.357742 63.863017
13.955613 59.022206
45.530262 10.280324
11.672045 32.804684
9.183135 57.195998
15.897273 32.840082
11.745036 41.050797
58.780226 13.834110
17.881946 23.082839
54.846869 10.736004
36.531429 8.703391
62.581116 8.875569
88.183830 49.524191
43.021747 14.952149
27.875022 14.220697
81.910619 76.913325
16.066783 24.555132
47.254576 11.894406
81.246604 22.299114
31.023353 88.798689
84.927981 58.619128
65.876355 84.809601
90.222365 36.401853
60.130660 87.704223
45.795464 88.167515
52.894154 12.317753
37.789884 9.863456
59.049910 10.059903
83.188869 68.276729
51.764939 14.406141
23.518809 79.245372
43.377663 14.526911
51.051876 92.516099
13.638963 46.421055
87.005940 71.066841
88.827236 59.466831
27.907389 82.149800
61.385821 9.418965
85.999355 65.374850
23.070384 20.697637
37.171827 11.690543
44.302897 10.783380
89.748571 45.189065
91.991408 43.489226
61.473369 92.024999
34.673795 82.718289
71.296158 81.130714
68.525461 16.337557
90.139847 59.071977
78.444696 25.131851
89.154217 60.629722
67.902262 12.963336
32.385438 85.450442
76.632858 84.221087
14.017272 63.955852
73.356341 15.438103
28.395998 16.283911
79.560566 19.326235
73.403931 15.216407
44.965922 14.123543
52.826429 7.431856
23.860736 24.861923
93.273062 51.567593
51.464860 88.756124
7.381628 52.577114
91.045211 55.459049
47.077303 11.491376
11.935696 66.112708
59.871069 92.507566
86.956629 48.503014
40.334520 88.063259
81.908281 77.180697
38.830377 11.446722
82.838623 28.018059
30.487685 84.013719
77.439482 27.304811
75.871114 75.026245
71.818569 18.049877
17.658033 27.166406
77.905500 81.275233
75.781146 17.241524
39.560038 8.654036
89.759524 62.816847
37.928517 7.287212
53.810193 91.669581
31.224512 16.058344
27.421294 19.683811
55.225729 88.073405
80.240532 20.363685
12.594975 36.056220
13.795715 32.935302
14.164256 31.535820
68.838351 82.144587
29.315781 80.872851
80.536863 71.092869
10.462667 53.649076
23.534844 80.076947
21.842025 80.574001
71.940006 83.802899
71.135697 80.473732
91.634419 55.104945
20.358437 76.778156
48.563173 92.198145
27.888499 82.330666
17.664437 25.599985
20.971581 27.128107
42.714865 89.638465
61.711695 14.575019
88.066729 59.674396
41.733743 89.520855
81.002807 77.063191
27.076934 18.602074
37.166450 11.254569
88.593499 61.834917
9.719283 37.924130
8.559526 52.337879
36.744186 83.319456
88.080845 56.790223
79.829294 33.052998
25.289535 81.291606
85.552587 28.471855
43.300564 88.407715
50.228927 86.063741
10.479863 37.139791
14.057815 33.856942
82.934156 34.383991
22.773203 21.710105
60.710364 90.206094
55.510308 10.116606
55.062251 90.126636
62.931668 83.262580
12.094221 46.675135
46.023735 89.586553
9.463431 53.277532
32.728120 84.121748
82.212128 22.493978
5.413016 43.640689
10.898182 60.657070
74.967395 16.530551
15.447923 76.696976
90.045144 55.792149
19.080658 19.167958
55.379829 11.075204
49.286503 89.300943
9.989496 56.991053
84.574483 30.540717
14.446398 68.391752
11.055486 37.228088
77.141841 25.064098
48.394058 86.649553
12.661666 72.640298
48.846885 89.308815
38.779078 16.044727
70.098832 14.657501
42.616772 9.386579
71.239203 84.551036
80.140978 29.506493
69.865808 82.896459
15.739641 22.889730
75.885845 24.617639
9.596932 53.265863
81.926336 23.477921
74.432137 80.342930
87.494517 49.267204
20.172103 70.099882
56.892392 88.843931
22.050665 20.936375
11.828436 34.558220
79.337973 24.531913
10.216314 37.181074
14.502321 68.049230
68.541948 87.103519
8.973079 46.692875
29.165447 80.732896
15.358473 72.581603
89.726428 47.845667
22.130900 20.541537
55.064234 88.187281
13.486583 44.229641
36.358284 84.574121
6.273508 51.239157
75.948987 76.048087
9.456043 55.908706
9.811468 32.111696
73.834345 82.064026
52.655188 91.005248
10.072462 63.078750
77.616508 20.399351
6.292956 52.392880
59.222390 87.939355
48.803193 87.367538
29.793044 83.510000
7.792208 41.002221
51.694769 10.011368
10.270608 39.878601
8.777114 53.265824
18.330445 23.970806
68.532066 19.647274
13.396933 55.242881
26.527401 22.635773
84.966292 25.628359
81.211094 26.235399
11.999612 48.016829
58.264083 87.777698
88.874528 49.830072
31.886603 12.308417
84.663221 28.580988
66.177177 87.634507
88.976683 40.134390
33.001337 14.248798
45.981484 5.938973
4.527124 51.123435
87.817528 41.914950
18.987005 66.319086
28.033173 16.290324
40.534807 11.141363
86.193513 70.815100
14.513953 72.497961
60.116837 12.771496
11.808159 58.781428
79.855089 18.801273
9.883819 51.877880
21.957097 80.266207
52.709054 92.022760
70.788179 85.473902
56.179153 90.739828
20.054777 83.033171
74.159119 17.508044
79.732152 78.153358
63.125873 87.511143
14.533680 25.838830
73.179584 78.276180
9.081331 49.366992
29.513861 15.699429
41.781000 89.621646
89.091846 30.443267
86.749365 39.454751
90.419130 43.125554
89.940987 29.424620
87.026372 33.750351
40.224195 86.494554
25.376064 83.006336
15.212788 28.050919
85.903411 50.024547
71.993190 18.087001
33.107358 85.813553
11.927016 61.872823
65.748978 86.675342
53.502450 91.504332
9.833287 54.052429
25.891511 81.315199
85.696427 72.780390
67.297808 89.788699
7.314318 53.185945
43.969470 92.876271
17.934270 68.445809
60.468607 6.507023
56.051245 88.842535
6.435388 57.125550
71.192968 16.384792
90.317828 39.545348
33.025948 84.011882
21.327106 72.744670
85.979746 67.004468
82.908409 72.512069
14.107298 69.291567
26.310719 82.126749
27.781913 17.877941
16.337028 72.057704
75.892146 82.191309
54.998809 9.476275
69.898400 17.595767
77.913386 76.315901
53.088046 11.323377
25.588920 86.149832
16.018589 30.761662
8.430419 57.969348
54.841865 89.422646
84.196271 71.418436
12.596344 61.775206
70.526387 19.351056
74.368831 20.307335
25.250137 13.764155
12.097820 39.229907
38.349830 90.555606
91.530379 53.821864
37.514516 9.580187
89.251365 55.292605
18.602642 73.244380
90.629091 48.665905
59.496329 9.612210
67.725466 85.406976
22.195538 82.820121
57.591241 7.419999
15.036461 69.822298
83.431677 23.307645
36.742480 88.636456
13.872951 38.332217
10.152170 50.753668
65.480294 14.449048
78.836890 81.187905
73.322981 20.038494
38.499532 14.347565
13.271147 65.420155
11.795279 40.337102
9.135117 51.625249
85.121165 68.315839
63.171839 9.256522
85.443415 30.468851
16.710760 21.105361
32.881638 85.092024
30.394322 83.327337
16.196139 30.413369
40.303519 10.118301
13.904437 32.001375
20.237291 20.231818
83.632450 29.249096
16.711540 24.086266
81.536386 71.366445
80.664188 25.152984
80.949065 78.936923
87.182481 66.397508
12.105179 58.870130
62.912807 87.622992
36.071021 86.145211
37.511189 11.227967
79.845333 22.206535
45.268397 91.977861
90.011654 53.062498
41.607364 88.674216
13.063067 38.822637
27.078533 86.127516
9.039315 59.232555
88.296930 39.967175
36.075525 13.024443
33.942723 82.645326
22.691062 17.353668
68.284488 11.172840
62.106088 14.003805
27.901461 19.871969
45.405870 92.494436
82.988265 26.206635
11.843797 39.053474
65.467997 84.163318
22.181107 21.941049
82.566473 67.035490
21.369702 76.148542
78.449869 79.917895
88.493854 49.174913
12.181565 46.933219
43.619853 9.051152
11.614846 35.240146
35.024613 11.924925
59.194727 91.487149
53.416799 10.226291
36.836358 11.453347
33.397149 88.859605
22.795788 80.328709
67.606031 14.063193
27.202356 81.524101
86.903788 56.182670
19.677356 26.285633
49.707150 89.548369
29.240744 83.171150
17.692997 71.934495
88.826550 59.128507
11.539989 54.830572
10.144159 55.871794
87.482150 44.411560
13.643835 34.136925
64.139936 10.880083
79.106187 78.083484
21.572462 79.645871
29.498496 83.098964
33.792600 12.473135
87.486399 32.863760
66.358952 86.229541
77.670934 22.524144
50.513838 86.858123
91.083347 47.165693
50.358563 89.383601
89.801042 40.775683
8.509996 57.676856
47.185497 87.570785
37.191822 13.043776
74.784634 18.559957
45.518562 7.118172
40.644302 11.068895
70.459751 15.288133
43.081135 86.453513
84.839950 63.892664
23.143750 73.987193
79.237072 26.472170
63.063192 86.789731
83.742399 60.080959
90.086338 33.258573
79.122152 80.039577
50.531604 89.929278
71.521898 14.958839
39.929952 10.472958
35.417296 90.054936
88.667785 48.692880
74.805775 19.428325
6.973778 51.279471
10.500901 61.148302
16.779035 72.987334
88.175178 30.799919
60.795516 87.484818
34.563985 86.170032
66.137875 12.297397
12.747993 68.583823
64.442168 10.453080
12.639309 60.890352
12.097221 40.126691
14.309350 71.410641
78.359360 74.966297
89.519541 61.505675
57.625528 9.151681
13.297632 30.749082
89.121102 40.395334
52.037518 10.208938
65.409929 88.127692
11.900972 53.859174
80.280981 72.074985
86.882619 37.329180
30.633038 82.871401
12.925120 36.245278
63.992609 13.666543
20.088005 27.459148
27.368255 84.547954
19.588261 23.471567
38.013225 87.965927
88.403930 58.066704
56.147388 8.379277
67.071091 14.584436
58.826665 87.988261
23.299287 78.634225
80.248039 72.984896
13.978745 33.329972
91.924498 43.695310
79.086573 30.188754
90.046356 50.528688
91.036824 52.289831
31.463918 86.930077
43.297565 87.634720
87.396994 52.751491
53.534114 10.726105
84.267217 69.973767
36.512048 15.092173
23.689063 22.040399
23.327732 24.274005
80.238956 25.290051
8.169426 42.800122
85.847616 30.934131
55.035683 85.961371
32.747518 86.641643
75.746105 16.377725
58.107462 12.259163
26.949262 83.243267
32.726905 84.637011
12.776965 53.109630
25.253847 16.517933
11.365005 38.802153
82.666361 32.747075
12.907321 41.696081
84.178328 37.169697
17.955319 29.192482
10.579953 66.030587
85.566755 58.175060
13.998202 33.230953
74.769671 16.904109
37.086245 13.144481
91.135089 44.366227
52.260996 5.310486
33.343119 91.906881
76.905211 76.939879
27.147376 82.689510
11.128438 44.171592
26.444333 17.450218
12.150245 38.337373
76.129558 76.471240
88.497928 53.262509
20.234526 69.634875
69.866029 13.734803
93.665703 56.137792
12.703608 37.889611
62.660910 88.292980
9.365420 33.920403
87.138898 67.540386
15.371943 69.217385
90.319999 39.996452
26.882694 19.330851
90.543886 46.207180
90.797595 44.149021
77.899960 23.094976
24.365356 20.009518
54.804473 8.334347
80.226002 17.794928
64.964302 84.461247
33.725023 86.849742
87.313871 35.472290
81.313186 34.180664
64.673726 10.126093
17.744241 22.978979
10.798966 45.851224
18.168513 71.663072
12.816100 29.212597
50.345472 90.988097
12.270930 47.854458
57.987639 89.419399
79.171651 20.939519
45.442992 89.618060
83.792927 38.878426
23.733349 23.594806
36.838210 14.869127
12.392079 66.269002
18.302667 73.477864
11.108512 60.172314
20.197023 75.910910
12.875091 70.193641
80.627162 18.122642
72.377087 81.361390
58.647659 13.626202
90.745724 63.433929
54.462196 11.912677
12.695733 58.150064
44.498910 10.296033
29.514999 13.704705
20.314340 21.106822
85.982345 36.306594
43.501374 10.028558
28.724060 80.137840
72.903086 22.546943
46.918749 89.012940
27.603382 79.246153
85.140922 62.177263
38.561302 14.162252
53.891521 86.208969
46.850608 88.085175
83.614462 67.194309
14.391783 32.130397
83.504490 28.751959
87.459888 47.608264
59.658064 11.261654
88.155593 45.333517
19.453349 77.429046
49.520667 90.517250
50.460274 9.089935
63.837338 13.615562
41.659465 9.813042
42.884514 11.715280
23.461765 80.885814
49.350445 10.138652
89.347618 65.497399
80.455718 29.582835
28.949869 15.166788
76.739299 79.019969
76.413660 23.070613
43.779877 10.099631
59.627346 84.326022
42.600011 11.544045
57.387609 12.212528
79.985093 22.471557
68.538317 84.887319
58.187900 93.369406
8.884458 47.364697
43.152089 88.355381
89.310751 45.094408
35.955094 13.412142
10.691146 63.199244
79.339799 79.298141
85.031235 30.466145
49.252094 89.457494
75.833867 18.867579
66.272823 15.432205
48.433996 11.399569
87.412527 34.393284
50.826553 10.066314
35.794250 88.117306
12.872105 53.390254
17.499799 78.836651
17.409674 20.119824
29.753698 12.393476
12.236912 60.787505
12.971376 47.238743
87.505532 52.599550
22.798271 81.106445
59.369664 11.152601
85.762367 34.852651
71.204239 12.435440
38.757081 11.046452
83.634672 67.659189
20.316870 76.549297
53.905174 9.620028
10.243965 52.898847
9.235624 50.237180
15.545267 68.991973
75.141302 84.503737
10.819540 51.306008
81.899123 75.394697
24.758552 80.594896
85.841789 76.771078
87.396592 38.299079
14.873250 33.711442
47.359095 87.925404
77.423109 77.185393
32.987479 86.998741
15.832919 70.576246
60.973744 14.587715
74.120620 79.405630
70.115255 16.193361
77.760969 21.248304
40.837575 85.678499
59.041623 10.189515
16.242852 69.484660
66.010574 85.643039
89.226271 41.197166
79.804865 23.423488
12.373155 43.915961
88.443509 44.137421
18.148344 68.426360
12.141956 43.862695
14.690903 65.373170
48.250433 89.371913
90.224668 44.666327
42.963995 7.157056
59.510347 87.776543
15.432555 71.126881
24.444521 80.273777
18.268407 71.138859
55.437125 87.795268
8.806635 60.690047
77.190705 79.974317
63.895584 10.261215
35.531686 12.560304
83.867547 34.390525
13.792900 44.141403
31.512317 15.742272
20.769752 21.805583
87.274103 66.794446
13.747907 26.655590
62.698624 90.771259
33.698402 84.592909
46.629132 11.897174
68.897834 13.276012
77.653127 22.967630
81.719823 74.597260
86.268613 34.593610
37.749003 14.881481
79.518993 28.803513
54.597026 11.303004
23.396604 19.671758
45.277595 89.291229
15.611148 75.969824
84.135980 73.473022
79.869826 77.888588
21.616318 22.315060
61.299289 91.556321
8.523030 58.986391
49.536714 89.029153
81.163309 70.525306
44.835833 9.621015
83.415929 28.974887
60.110006 11.811344
34.528674 17.238187
8.249128 35.869601
66.461603 86.395267
50.094560 88.491344
26.800307 12.886458
89.924766 43.001695
41.068306 9.287745
38.426156 88.287609
63.541421 90.310367
61.936481 86.932766
90.130002 39.729714
28.279644 14.928435
14.907142 69.341204
66.773107 13.188031
54.038129 89.887673
10.817462 48.382354
52.711574 13.693859
76.601870 21.165180
52.540364 86.403021
42.866268 89.935391
58.082439 13.851155
87.829086 59.931304
93.322511 47.413645
21.404334 21.717617
42.373239 91.288676
30.603325 86.090729
79.645868 73.019595
38.462827 88.709862
80.240101 77.055342
82.590030 59.048822
23.577506 20.435413
24.750938 19.480670
36.920935 91.172114
91.168794 50.200355
41.315170 10.777519
68.722918 19.270975
6.975256 55.489154
87.018934 40.455789
92.586261 48.082973
15.070924 71.728419
18.474295 76.460072
90.663867 35.256757
61.957092 9.581605
69.264533 15.873857
15.855726 34.970166
59.947647 10.872976
11.166128 62.834707
68.112588 86.501596
9.825964 40.050878
84.160460 23.966576
79.953303 72.292264
78.504328 17.474745
15.383378 27.565797
8.940186 40.775448
44.397549 90.378314
18.608341 71.625607
21.681339 78.319230
12.990911 39.766525
84.863703 56.676870
42.876858 87.534595
89.627290 47.963733
52.532434 10.539676
86.817808 60.325317
46.175404 86.978230
35.998635 12.561842
79.971795 21.114932
49.378442 8.826460
46.100437 88.027931
33.750848 83.027499
85.218783 29.179622
85.511589 63.649860
20.757895 76.337587
11.874387 60.468947
14.130608 27.770036
13.062611 63.996748
58.029953 88.158056
88.959687 54.409194
27.583990 16.418170
28.264651 18.251256
85.396986 32.491549
23.782731 13.815224
63.044055 89.514031
74.336290 21.726588
49.180518 9.662053
53.329417 89.731705
77.358660 80.830587
38.762405 11.755945
32.218616 85.263600
77.900136 18.995578
15.439179 30.242157
89.755330 52.579239
39.185520 10.802664
49.034361 10.216394
46.522154 92.020736
39.693101 88.695338
78.081553 23.144288
10.859931 63.154400
41.287542 86.478737
83.938221 33.212182
79.851846 80.677534
36.212020 11.596961
75.071598 17.732606
19.048499 27.055111
54.180236 91.073687
84.492082 20.975977
89.223604 47.297822
70.828541 84.990192
66.650749 91.071568
11.784497 64.767703
46.155847 9.705019
40.548489 86.256073
76.146519 80.593613
63.801608 10.232833
34.603659 12.823706
49.177149 91.705737
56.176865 12.107369
49.643104 87.413650
85.891996 67.502799
50.480796 90.783947
69.112840 86.636136
45.342003 13.886298
75.134437 23.456748
86.345895 64.489479
74.180096 82.852923
11.039624 46.613672
32.838731 15.949636
79.929819 74.342857
15.765351 71.893571
60.500831 84.910348
80.958862 19.649964
78.819807 22.985255
8.513385 41.319390
70.965432 81.057932
90.437587 45.926352
