200
25.372910 81.114162
79.934407 23.362261
86.918761 56.407488
87.777761 51.231560
59.118218 87.853860
83.832818 26.021012
55.109391 13.139921
33.651354 86.136530
12.654399 62.027340
32.298758 87.036050
82.169514 66.941685
14.389326 29.741141
76.259216 17.576718
82.237073 27.274134
19.410768 20.177053
61.647823 10.331483
12.550697 60.716845
13.684292 45.685466
84.730454 34.542232
46.031079 88.346019
87.693716 62.799158
21.313280 77.908293
18.217472 74.685711
9.786865 59.471236
64.676301 14.833671
12.134082 51.776577
81.450313 72.171318
33.489759 12.347164
80.378616 25.334707
84.845432 58.679658
50.692400 90.101721
7.124923 45.327473
70.276173 14.126102
26.372344 17.979980
62.975950 88.510832
87.821472 36.964345
85.403265 65.207309
15.692008 64.344818
84.387629 70.388370
37.102516 13.183454
11.545840 42.374037
51.454268 8.179928
66.868066 87.612504
18.074591 70.365351
12.166427 50.463768
7.951032 49.305280
38.099435 14.252942
23.912999 19.715341
91.031896 55.373005
77.111119 78.462534
55.082584 88.623522
59.635059 87.531979
64.310111 84.553732
69.222044 14.297634
58.091259 11.610203
15.885375 30.575270
78.092630 78.216999
87.545449 38.568076
88.599602 56.027122
24.574761 80.067886
88.488091 55.435494
69.782133 16.395573
83.230718 76.487923
60.479750 11.792064
8.694919 38.937027
92.787885 56.824470
63.208944 87.288102
63.786189 90.611006
9.501160 44.754147
72.379273 83.411664
86.902577 73.240549
77.126048 82.607222
91.527874 46.827768
19.025031 28.064241
42.858181 9.596660
80.813519 26.475119
18.379778 26.250002
31.394452 87.120854
8.634112 42.509749
86.883000 61.033200
33.640497 15.642712
3.336778 39.272922
23.018331 18.879111
69.120609 79.305056
27.371987 81.511824
22.697533 20.742398
18.427841 76.973465
27.046750 80.781734
91.427998 54.410160
88.242366 61.831304
16.882169 23.944013
24.125095 80.806654
15.624683 69.579015
60.325466 88.628716
71.676047 83.785194
69.623574 14.328454
80.986826 73.592227
38.565073 11.630496
80.298885 77.658403
87.506818 55.675600
11.759260 65.409770
79.233902 28.399472
85.079219 25.101738
82.324156 24.186460
11.168514 60.989596
15.865985 41.128817
32.111432 84.781274
81.789570 24.943563
24.305239 78.735151
43.991971 10.877911
19.839655 29.436296
76.461534 81.744752
10.002454 64.592805
12.482595 56.365637
85.281086 69.895118
21.676155 21.251218
28.062372 15.770284
71.742436 17.914832
90.126692 30.219424
39.871721 12.484768
89.448535 57.549673
90.751962 43.749555
69.785719 10.606925
85.112330 26.761803
11.174401 45.790670
39.537055 88.570680
63.273579 12.300030
8.665852 45.218814
81.820706 26.214674
11.089092 57.420848
11.374026 58.860392
79.504150 78.011205
31.015417 85.726130
52.956983 91.815904
81.851901 75.055554
15.660413 41.818795
80.772381 76.622338
60.959036 13.450997
30.650494 83.705081
73.850847 19.185304
13.260559 57.088805
17.528227 19.989832
7.861728 43.035150
64.317224 9.071260
70.813917 80.177352
44.833752 90.155222
57.090240 87.691070
39.479224 90.177652
65.795723 84.458355
61.873513 14.135211
84.246166 68.596217
80.026280 19.713738
46.374986 11.180706
85.699554 69.852460
9.607928 59.477888
81.487596 27.284020
86.941347 30.943076
54.135337 88.294592
10.459752 44.537915
12.029533 41.465542
14.864980 65.747384
90.157787 47.177057
79.882952 22.209145
20.315491 22.448407
84.464859 24.805432
82.550410 30.955736
65.054712 11.776940
9.202843 60.929104
35.903583 84.223217
8.657125 57.731809
71.748892 17.470920
11.977473 44.115100
52.187569 6.129264
66.243537 14.107010
14.298535 65.433641
85.967776 48.981158
10.962536 50.489539
59.974923 9.191187
88.694526 37.078667
10.927319 48.612623
35.674777 13.475492
81.860614 81.913141
18.655085 75.724758
85.503483 63.284295
58.406655 86.640465
7.549220 54.888731
10.805719 59.672697
84.860584 29.623865
49.200740 10.230251
82.711928 69.457291
11.834257 67.553993
87.215064 61.048914
24.431083 17.960312
82.605494 30.945670
85.047312 55.559880
24.706726 85.129689
53.045046 14.003423
89.413346 42.443947
39.476556 8.902655
12.643387 59.830646
