500
85.262021 67.111706
44.870421 8.726667
10.090985 55.024969
79.320007 76.027298
50.334259 6.860945
12.801191 46.805195
8.946029 42.808891
84.145252 34.946469
86.429043 36.878164
79.206609 77.203130
86.345453 68.088654
7.470732 53.449480
12.112860 37.704187
15.217728 71.166700
15.255058 29.189852
73.529498 85.704656
29.533748 14.091788
16.878972 64.390428
69.995722 84.387918
29.553878 81.957383
76.716277 79.204182
11.182205 43.482835
81.626776 21.708550
55.828088 7.863284
32.588713 15.685592
75.828072 84.456074
69.531626 12.848617
86.577815 62.547583
90.721688 58.394067
73.593698 84.041297
67.176792 15.006285
14.878264 66.374971
11.603142 65.233041
45.027819 9.513889
37.317912 89.430788
35.940867 84.884837
41.556024 11.367757
82.654927 24.082099
10.162027 44.885702
82.721709 73.502201
50.895095 11.578832
17.437845 29.348652
48.265476 11.087433
59.300474 86.898470
13.651388 69.504536
87.071778 63.633205
55.120456 90.377569
60.969693 14.511031
9.125712 37.452126
87.149798 31.569622
45.895553 93.637600
90.012319 42.182597
66.549300 87.855157
9.940090 53.858673
15.803930 30.813350
31.810289 86.541503
74.447974 81.488860
66.732593 90.115794
32.230178 14.900149
42.300112 92.731850
12.634947 64.789309
36.608778 9.438853
38.254109 10.909764
12.517856 78.296216
26.552367 83.818265
67.896708 13.705730
69.962581 84.785289
58.181807 9.158485
11.325953 46.887306
17.736768 72.159833
50.956125 15.246820
89.627479 53.644497
85.215000 74.434667
53.126998 92.930633
86.108247 43.348682
84.346600 70.197511
91.425850 59.871050
85.271909 27.552233
28.409336 86.967462
84.447144 33.277287
38.822037 90.302682
61.128554 88.804370
54.152198 10.459305
17.573143 27.318665
86.362278 44.701767
39.414482 11.493455
13.152232 34.431760
44.000606 11.664331
32.793067 15.152845
80.408435 78.351368
53.431614 90.763664
66.192209 88.401516
41.736302 88.585265
89.050198 56.738915
23.634064 82.079668
25.876248 17.593629
68.896868 17.373342
11.570496 48.586903
55.428058 90.944913
13.746047 74.665199
86.469434 37.172164
69.299196 13.992707
15.452120 71.535174
14.923503 64.385032
45.889440 88.698060
12.149468 29.796586
20.628051 18.671857
46.058878 91.614745
12.283669 52.398348
8.067532 43.463795
53.552001 88.769443
13.929477 27.643429
91.212010 40.625848
46.902898 14.229685
78.735864 80.734213
37.857071 9.066113
79.804998 19.781603
12.764032 32.088948
82.790647 66.997775
71.365167 78.192727
17.137905 71.191441
57.063568 91.327794
30.578666 17.003330
10.299829 61.410363
75.644663 17.690971
26.530222 79.283783
37.031222 10.710298
56.544141 7.813782
34.189848 14.056863
12.615390 42.457755
12.875939 64.135871
18.958509 76.764860
90.325976 61.645808
67.951211 85.269869
11.910318 67.035117
17.576259 66.464925
45.383256 86.715890
13.774494 68.991356
75.922554 16.673847
28.289910 82.685351
47.956706 86.279649
66.361372 12.697282
64.740843 85.919496
47.103512 93.034540
83.122167 72.933550
86.525423 61.715353
84.231492 23.010210
89.898138 33.749866
73.965988 21.695288
13.736546 68.343116
28.360937 87.425811
24.252945 80.512827
17.129801 25.246001
46.671516 86.534883
30.006709 83.905556
12.606581 65.136584
85.135729 36.523686
89.901839 52.666538
40.321374 88.858960
11.622334 61.840720
15.612725 31.742394
13.105601 70.609572
19.257317 74.153318
89.375947 41.238780
91.213723 61.301537
59.542858 14.267438
19.913472 74.096832
24.659542 85.326118
8.101806 39.597096
21.746102 21.617029
65.244592 14.668666
87.247051 39.570552
86.463056 40.496473
22.282218 74.159327
86.039599 65.784135
24.612141 23.867583
59.067761 7.255270
91.052857 51.096468
41.888873 13.707187
21.932580 23.370619
33.412541 11.560078
12.477909 54.331706
72.456562 14.223216
88.847653 47.436114
74.375307 21.675838
40.640330 88.316657
89.514022 36.161154
40.318314 87.732164
92.639546 49.561039
54.320381 88.047296
53.025175 84.786001
17.687462 72.232568
91.135326 53.973913
80.540830 22.584929
24.933112 83.894336
46.395833 88.600824
40.399793 88.672675
31.687936 85.268758
22.253813 20.172054
13.837967 34.794433
89.388706 47.076582
26.421162 84.608223
17.038295 65.869620
80.672655 77.353313
20.817649 25.668462
23.176002 73.982672
14.697676 28.610749
46.572583 11.140744
83.387308 67.630841
46.654704 11.821693
33.193620 11.979851
11.187926 49.139569
14.255904 65.543772
92.344763 48.673979
11.998099 59.980906
46.284525 10.256494
74.048425 16.090804
33.123004 88.016814
70.742035 81.840425
88.905328 45.156241
63.607663 11.932469
14.117160 70.878278
27.141078 15.156669
60.781660 12.725007
33.578695 10.823151
52.394998 9.350238
88.461705 29.193079
10.559788 45.428014
37.587139 87.379153
10.324382 64.454589
28.988198 85.536830
20.338982 73.136634
9.832554 47.941321
9.817789 42.325746
85.271071 31.229104
58.520167 6.808689
65.695640 83.703250
58.552108 13.954008
81.917413 21.904977
70.749526 82.938733
93.500728 56.060651
15.211168 29.356552
50.316613 11.039151
86.943796 36.806871
63.918880 10.439464
42.739262 89.480550
10.505788 38.368829
54.562873 8.457708
33.722800 14.560364
21.792499 73.893658
62.186399 12.717517
90.605667 59.670252
30.901156 13.196050
32.201451 17.677605
61.405719 88.677411
21.997171 82.793859
13.853515 70.213182
19.659374 23.997114
25.226860 23.829349
37.072581 12.652770
16.971612 33.630561
28.514168 14.227874
56.215673 93.645854
89.027403 52.234669
77.347819 80.631858
36.634094 15.121646
79.250031 20.785894
79.325314 80.270778
16.628926 66.062080
31.926965 12.801754
54.193680 10.591054
55.390720 90.776621
16.264640 23.751991
83.148181 29.371572
31.768587 81.123901
9.834576 56.198609
80.972606 32.707505
83.154317 26.693503
75.353359 22.624408
19.198905 28.241092
15.048622 29.272618
30.381467 85.558608
8.332589 50.516872
14.009561 26.184253
74.892936 22.500914
91.806188 48.321269
46.351228 12.619763
9.122052 46.730776
11.472236 35.156906
36.354937 88.074721
84.099155 66.288836
58.971537 84.284028
90.724535 49.874896
82.951410 27.917696
22.148764 78.154951
87.914782 42.341167
89.705297 43.778972
15.782132 75.190160
80.393227 73.931609
77.206032 78.677900
53.330065 12.729342
64.973742 86.604942
52.244908 88.527967
25.036235 27.638181
88.894847 61.678361
43.732727 88.307147
21.021401 18.138235
75.879384 79.571554
42.651588 11.523361
88.094479 35.016604
85.959283 74.147240
29.886505 15.708542
80.830566 29.420340
80.176250 76.821058
13.780233 67.107841
46.537781 12.298134
18.121862 75.232461
90.016159 44.539424
77.021047 18.491066
13.672607 36.242961
83.173017 28.622103
13.369407 34.226433
25.288316 79.550872
88.558833 27.816874
30.631792 82.255501
85.356599 62.746078
84.421280 34.093358
39.959538 11.972466
69.648518 88.171114
81.326317 20.871551
88.086954 41.855345
88.415570 57.990820
64.354702 88.791585
36.851685 10.521027
84.282300 33.972777
57.913094 89.367177
15.241634 73.134434
45.794921 89.623377
40.159871 12.488178
61.284653 11.314731
30.575816 87.139700
85.959348 31.336455
71.995878 13.706819
53.211495 85.198586
15.384150 34.211800
69.239778 85.503353
86.056134 70.029723
85.255752 36.876364
74.637610 19.567164
48.990187 86.441695
67.410777 13.129084
91.224174 56.121288
86.211465 64.784778
43.708280 9.180678
8.947517 48.638768
88.366777 43.372087
17.061632 72.977263
87.803550 43.565542
88.748031 38.056167
60.925735 10.158474
11.158727 46.882661
49.163893 10.253059
69.507407 86.721050
85.913821 69.082906
90.946286 59.006264
8.205280 56.461779
55.581933 88.819420
58.884056 9.787412
50.441342 91.427353
39.938580 83.397496
66.838971 87.299150
10.934503 62.345865
64.065895 15.510700
45.851336 90.678475
74.575190 80.871890
76.534948 84.630991
31.726751 12.952436
14.332272 42.486494
78.219793 21.626085
18.918973 20.675110
19.989746 30.142857
58.415132 89.713049
28.374112 12.593024
27.076581 81.832143
31.773989 81.366527
67.917663 83.421592
38.034382 82.233896
11.625277 38.359302
20.566464 72.314790
10.779474 46.899783
11.893243 62.892469
19.378671 20.795428
41.318556 9.881986
80.231404 26.293038
70.353600 16.210389
81.038644 79.186966
70.753973 83.500280
38.474025 12.053772
87.409450 49.678156
14.221344 33.316471
86.568458 61.921279
16.349585 35.960234
30.543888 87.533484
17.472632 27.239626
49.020189 11.035684
11.355862 57.225904
12.437222 62.592443
67.859862 86.233030
86.047070 61.631297
13.151022 60.790275
11.844372 60.513947
47.985664 11.812526
83.834752 71.540571
48.742195 90.377671
19.217444 22.761078
30.757160 14.714403
48.265119 12.264000
62.817668 12.657064
86.368929 41.859152
56.934836 88.699403
88.766383 52.176441
13.110120 58.526049
69.119511 14.392205
34.666618 90.678438
9.196696 43.338313
90.745522 63.938939
33.899852 82.188651
88.571336 50.453041
18.071192 20.911640
68.197750 15.403284
79.643865 74.368931
69.817050 83.336034
52.960385 87.743505
12.860258 37.597617
44.053172 9.128614
62.979778 89.761075
28.862085 15.606393
74.592842 79.328936
51.788555 94.538442
41.867769 12.289756
12.541545 58.026982
80.029364 73.753864
84.781282 72.532943
82.958267 29.977691
14.846477 66.894634
13.897466 53.962812
10.198189 48.502856
38.964823 9.240133
86.108589 67.171775
78.393960 28.348680
12.817276 70.970460
66.640527 14.720177
91.256769 45.819581
54.064550 8.411474
36.512350 85.738661
37.069556 87.281706
53.944660 86.162487
8.741870 55.367381
64.864886 87.702971
91.154693 59.191538
45.888193 90.978297
15.233368 32.828552
81.967911 69.524613
9.372279 51.965262
12.207691 42.106796
43.901332 90.846733
74.854361 22.528906
41.181233 10.592972
25.920935 83.389910
88.529871 66.965951
85.075643 71.996518
28.347541 82.696568
46.400152 88.626151
89.177659 55.543645
13.848063 67.516232
76.369398 81.232562
69.542640 87.803582
38.270272 88.051431
21.475148 82.365038
48.914722 86.776386
87.436164 41.117965
22.332089 24.753614
46.269252 89.377020
48.959969 10.130207
85.949986 65.140005
77.855092 73.068367
28.074565 81.518244
20.189925 76.633774
30.819492 16.140397
46.997648 90.047878
77.663768 15.385449
18.584840 72.933381
37.700174 87.063763
33.488308 12.523684
37.599927 13.890899
37.555344 86.585919
11.562896 59.527256
14.391158 36.716445
39.967150 10.770993
9.123612 45.389337
