1000
62.902653 11.898787
16.633369 28.700977
47.125699 90.131165
92.327261 53.765483
12.232530 49.726707
24.090449 80.941729
61.942399 90.577494
56.209850 87.711458
29.859625 17.155737
14.432253 71.708752
13.097137 39.713153
10.891453 48.006535
10.879071 43.874900
11.350344 43.666692
13.785616 64.219285
88.759821 40.161689
11.048276 36.651488
84.851575 73.684473
32.201160 85.201068
52.585328 88.323627
51.431388 94.491984
41.507331 92.551441
84.046823 66.977075
84.348952 29.070902
62.786236 9.338510
75.903417 81.341216
23.250863 82.185676
17.286000 29.538856
29.801239 83.829594
25.950848 84.419865
16.636813 69.212412
29.630736 18.707505
59.234793 86.421914
13.219507 33.512531
37.857628 88.044774
43.448547 93.116323
16.827638 22.981397
47.198679 11.671842
38.173009 9.214467
75.135288 82.201297
84.274375 67.442282
18.412510 25.141501
28.912195 82.549958
59.666389 13.695995
64.355382 11.654821
20.813250 17.462605
80.896181 23.477916
78.854193 75.794905
88.019194 42.863787
21.253332 24.508444
56.026672 92.823966
52.438582 10.577311
10.370933 38.168044
12.668626 41.787199
42.736204 11.976444
78.762986 20.576749
23.104004 78.300285
29.603917 17.954350
84.316162 74.064273
87.946361 39.847103
80.836179 24.484176
24.211481 17.838398
7.887903 47.511880
83.300674 27.732704
86.754064 40.364834
85.399830 65.403178
17.357501 29.914888
9.622048 40.461853
65.433844 83.040202
30.468156 12.138008
67.869758 11.925753
40.344135 10.104704
30.413169 86.833052
68.917077 83.740603
47.072562 8.881553
9.452756 52.588045
34.909790 86.116611
83.084411 26.592149
90.909056 35.559358
75.363328 77.329139
82.425426 70.647389
19.058325 19.798037
43.601447 87.815432
79.604451 26.119769
34.245641 14.853573
13.817944 31.368327
88.041651 35.846684
71.233476 85.240322
81.605377 77.969587
84.622633 34.085689
41.476654 88.027250
38.001639 11.228523
76.761831 18.305647
79.902599 75.717592
58.387650 13.375114
9.212206 51.841972
29.622942 14.444352
29.727581 82.642478
83.179892 70.600410
45.920566 12.286641
10.923519 43.964859
27.480060 17.367268
75.787103 15.823199
46.672149 11.584930
17.958766 24.391937
57.371391 11.287830
25.742510 13.806550
82.854883 75.548720
43.455440 11.577704
40.048470 86.754743
82.739017 75.538104
73.663165 78.579057
82.163568 26.903295
87.471603 46.278107
74.833678 18.757561
18.718116 25.567662
81.280810 21.847381
88.403832 53.747580
38.817887 12.585586
21.194088 18.603007
92.286457 59.970222
54.807619 87.647382
37.352415 89.022194
36.951447 9.303226
19.061428 25.585580
30.498846 17.303884
12.388630 52.960222
30.419980 18.261534
78.691713 77.008244
12.962836 58.502721
13.844283 30.946486
86.358863 66.356365
86.447415 55.527243
84.928219 38.952031
18.822912 66.579976
38.367755 12.680192
75.976102 72.515809
55.528062 91.142281
37.471456 11.310816
87.258297 71.500342
11.734932 37.334967
29.800947 15.024368
68.491566 19.158377
34.866455 14.519531
48.498185 89.742441
49.046004 11.268325
41.992350 90.622177
75.654189 84.905494
90.706409 52.785960
30.104133 83.874813
56.460256 86.483119
41.800841 10.057972
87.744873 58.127791
86.278022 28.601150
84.132416 69.870839
90.197232 53.376570
80.569612 73.330670
78.263244 80.303403
29.352704 87.790041
80.718861 22.093556
84.132759 27.802948
40.728733 8.553188
12.438313 54.273014
87.855158 57.616004
9.500970 41.520153
12.437690 54.448617
89.182114 44.505587
8.357691 50.715800
20.616011 73.118045
18.922282 74.392330
63.987498 8.912028
18.969625 25.512701
80.982910 25.552415
73.445414 16.419225
92.145266 38.374854
28.108359 79.856624
69.068669 13.666549
10.758789 38.760862
18.733512 80.251591
39.784203 8.599966
79.449307 20.111271
18.118873 74.678371
48.177451 10.111107
82.049619 82.957887
79.539316 77.955453
82.558816 27.165512
88.743434 62.712432
50.042105 90.742255
74.328937 18.810050
82.534025 28.987444
29.675950 85.063556
10.402978 57.242293
76.876483 22.212939
86.735916 43.588371
30.102495 85.378458
9.406944 56.588692
70.223784 16.319638
44.586438 86.719083
55.478767 89.269145
57.356923 87.978425
53.579289 89.717499
48.176362 87.684959
46.094578 11.098872
49.209298 89.583822
49.677655 9.018825
49.510950 10.934578
47.214002 86.838879
49.433601 93.276789
88.392828 54.324277
75.694722 80.462713
8.862585 50.740001
12.223864 63.703848
54.053615 92.503123
41.371627 88.096823
85.686049 27.707810
10.936323 40.863089
53.140050 11.799525
84.599080 31.265292
75.614227 82.596051
47.868413 10.896401
51.216432 90.328010
19.165277 66.230150
49.964994 9.337767
45.671312 11.254271
43.860638 88.743233
13.163276 38.278627
28.581999 80.517535
14.042111 55.663906
72.896486 84.274436
9.518958 52.863473
26.374391 17.531462
57.002385 90.832163
67.505603 12.482109
14.382119 31.923049
37.650877 85.760774
56.388951 86.209629
76.266999 20.023474
84.834859 66.163206
32.231476 89.132096
72.841799 83.488528
24.601455 77.103100
25.080681 20.155904
76.019410 77.651205
12.157565 54.674599
43.851561 89.108191
89.643723 42.233311
52.107911 88.095645
74.755509 20.304089
39.050994 90.439894
38.552871 90.336575
25.853442 83.707583
37.094119 10.980368
83.493113 24.966991
25.838437 82.034397
52.684229 10.221821
59.031357 88.220745
41.880260 9.792171
64.910975 88.319078
23.454251 24.239798
89.416041 40.838549
40.519997 8.610336
36.447667 15.381139
11.602835 63.031416
11.924623 59.811500
12.246550 68.941389
86.732198 66.698078
85.854887 54.299013
65.364232 11.538487
10.130907 41.744934
12.395684 60.947715
46.651708 93.408520
78.574849 81.518500
59.593567 6.795195
9.840320 59.626565
60.595949 86.786890
20.966911 20.965264
90.260750 45.895295
31.932627 15.847527
75.715640 21.009175
61.631105 85.648398
29.851862 83.860475
87.673032 60.682472
89.649671 48.301104
25.940015 17.751670
63.374994 11.702244
26.043787 20.652309
8.209656 48.563987
79.317544 22.810256
87.816041 50.581335
17.123627 69.121363
68.523802 85.770006
93.879633 54.609757
70.334879 15.810568
73.047883 83.091727
69.973963 82.653270
54.369056 89.098317
64.058589 87.543173
12.681730 34.697459
52.601678 11.366250
10.095246 34.837390
10.033592 37.316624
64.060897 12.117907
22.912163 79.496254
68.984759 10.108189
68.225391 87.535530
11.162568 42.156825
73.161463 80.018953
80.470736 77.934988
10.141455 57.635332
26.661159 17.824006
31.422458 86.727609
79.136824 69.351126
89.605586 50.099527
87.893652 52.075758
40.875489 88.713742
87.631962 55.531597
65.052117 11.753948
12.976936 36.443063
83.988318 69.695758
68.421629 17.526452
24.561056 80.392323
78.197098 77.713951
84.300035 61.309421
84.982701 71.350718
90.707431 40.528654
64.120290 86.902234
81.030773 72.619837
86.091250 32.824373
80.133743 23.862596
47.006074 92.373852
66.122915 83.540067
22.966660 83.795849
77.531913 17.063876
21.866055 77.275152
62.941906 8.880232
70.899876 19.084542
25.022951 79.175560
4.694834 54.059135
66.595051 11.052073
44.201787 11.086905
20.263057 26.675724
87.337302 62.816415
48.642071 7.198495
71.978303 19.344073
36.899910 10.481818
29.531395 84.081991
54.998366 10.113669
85.791171 67.521861
9.302306 35.669342
86.765885 33.824033
71.416030 82.800820
12.780303 55.161312
89.041258 48.754120
80.031349 28.610332
11.030564 55.034520
10.944401 35.780792
10.161526 68.608401
49.391196 11.112721
12.677864 63.197052
82.029212 24.040567
27.968957 18.165974
89.510924 64.137775
49.435585 10.617800
15.971168 67.109067
32.013484 89.019759
87.087482 72.493151
12.315916 57.322221
14.353859 40.000427
86.109901 42.908425
89.941633 58.051484
42.499676 90.937565
88.658027 66.858400
39.608604 87.508195
16.887397 65.909189
55.712468 86.990307
26.767906 83.984460
88.298316 60.665660
86.350392 68.273235
44.355503 89.504494
91.217801 47.933860
19.099582 74.558449
14.350472 33.217618
43.590031 88.997829
87.787921 33.968291
10.318813 48.557455
23.356710 22.416406
42.343772 85.692404
66.942042 13.031990
10.290675 36.136287
71.506660 13.780134
64.501383 93.103621
67.483964 13.339654
34.096135 84.366039
33.370473 85.106405
62.962480 86.847371
89.851683 57.123825
89.769605 49.904752
87.624801 41.866013
7.201564 44.795548
18.073088 71.876413
12.429513 59.562799
62.091676 88.086997
68.395996 13.913256
19.351794 19.921603
18.496339 74.040887
11.470581 67.427114
9.422704 58.989296
11.237665 56.445377
56.878235 88.818762
49.763133 84.858074
13.078602 52.562132
24.887144 80.286708
85.978669 63.946918
72.953429 19.908611
47.240053 86.037729
23.276197 79.944576
54.769001 86.188844
73.351415 77.930002
86.014137 63.540830
25.725062 77.998580
70.275393 85.029750
63.627765 88.683924
87.973498 47.977074
66.735589 86.788495
41.684022 91.308292
89.215077 39.648763
56.266668 14.607247
13.605380 72.475853
83.515500 60.440723
87.819566 70.239192
10.966551 43.593558
20.474531 73.384099
42.248138 87.856572
53.869620 90.382277
47.046762 87.749415
86.540961 35.115658
10.259296 46.285958
20.467680 21.848892
10.999938 58.314666
29.896443 14.357748
44.314252 10.791681
84.808002 28.826194
22.601587 77.213364
70.219447 84.438613
12.413963 39.637243
14.752286 68.402018
87.229714 50.999820
89.742912 39.647104
83.325163 74.770966
23.346036 74.204984
48.087618 88.797565
89.388028 41.703131
79.845778 21.271945
17.025212 32.720385
10.133274 55.915050
61.426477 10.544894
60.178943 15.504300
66.938431 85.796193
12.314289 53.536962
54.512087 10.652772
23.372947 20.895082
18.735567 26.260416
9.936812 40.811416
21.563908 20.753382
52.654354 12.207728
79.388332 23.176868
12.900913 64.151253
87.176334 26.631566
47.214036 10.264682
24.902920 84.310824
86.336337 37.778299
13.431641 64.297984
72.633793 82.627037
93.738670 39.045862
50.265618 9.353272
71.375600 14.292918
36.329301 89.590371
88.206909 41.666345
87.452763 67.236154
87.016775 32.879548
19.971289 19.061972
89.591833 59.413130
10.645458 59.491319
53.939964 90.785413
22.980963 78.095592
87.631529 65.196603
89.107084 57.708838
39.074500 90.534007
12.082068 40.104846
68.649261 78.219648
80.835888 75.529983
86.618184 57.288874
84.950721 73.437785
85.015777 30.272972
51.703371 11.108487
88.773932 39.672448
89.126950 45.860019
52.289031 9.370819
58.236714 10.431376
58.666914 8.265175
89.209306 52.022719
9.549237 44.223181
12.600809 48.488255
57.562616 89.185149
11.096281 58.333740
14.532907 35.071861
87.912468 54.915433
16.106385 28.693391
89.546885 56.003461
82.986888 72.062813
21.114257 81.095787
14.736732 68.833093
18.099769 75.394567
37.795717 89.752759
10.394184 60.035469
17.337894 26.611403
14.285209 63.836231
66.538289 14.014743
86.017208 58.182267
85.262072 66.282986
74.704696 14.172891
49.238674 9.352104
40.047207 93.904500
28.876330 16.058365
35.462902 85.990460
76.068160 23.355446
89.309535 54.310168
14.243026 25.750478
8.709488 33.012063
50.832496 90.700923
29.473214 87.731722
9.921348 42.377779
65.006385 10.552371
44.183218 90.147466
57.801964 86.350548
26.179511 78.332882
32.408556 11.663925
63.997063 10.606183
16.825095 73.298274
71.806067 81.189839
89.598448 38.366021
92.468137 46.943644
17.917184 27.229886
28.646520 82.962594
59.834271 91.493141
47.291717 14.165505
44.807620 91.244083
72.976722 86.515034
83.661177 65.479721
55.875556 89.242468
87.484372 64.029313
83.324711 28.756725
80.665400 74.668326
11.057039 62.893780
19.222170 66.559378
40.154031 85.314799
30.885310 11.274775
50.082834 88.032097
88.174184 37.759872
39.484273 87.842903
20.112046 79.610393
25.554912 13.139728
38.178009 90.015948
67.968649 84.112451
8.641547 41.285396
76.149730 16.757075
28.086102 81.174424
9.157977 52.583110
24.174595 82.329693
8.097635 58.134074
15.456899 67.369361
23.458800 19.902887
39.103309 13.561241
11.862167 25.840157
86.714659 62.016863
88.519810 55.773837
37.736554 88.281289
11.553170 59.336626
66.385944 16.917924
87.674182 60.525656
11.992632 36.858943
38.228317 85.120468
88.736303 60.912616
25.237474 79.208676
76.249296 21.315546
85.565792 36.963231
68.826399 85.554036
16.168190 76.387163
48.261659 90.087266
45.886878 90.904736
30.995622 86.133400
89.660174 50.088400
13.415846 36.935959
18.959855 19.036633
46.210197 86.661952
8.478310 56.148323
44.064566 14.509428
44.287244 89.015019
43.385185 12.479033
67.781679 10.444727
32.370010 86.667533
13.676317 61.873570
73.370025 77.270394
76.132006 78.793390
59.307167 92.524152
43.952441 92.750798
51.695783 87.343967
37.142287 90.666136
8.256433 48.368196
19.899719 21.092499
52.138514 91.506321
34.805419 86.588715
68.976402 82.596870
49.362159 91.903095
62.464379 87.590020
8.323900 44.167924
87.552584 37.586631
14.229875 67.302536
79.478562 76.197447
14.231552 64.155646
86.381155 50.567813
30.279206 16.728388
38.125383 11.380297
71.387651 84.065370
57.823644 86.900593
54.626873 85.322966
56.395640 13.247102
15.135367 23.573451
8.984399 47.491475
87.935826 45.277699
50.489048 9.465367
74.640924 82.466573
75.950052 78.755539
54.439767 87.318348
40.150529 90.239050
17.732644 66.248823
23.601822 79.147534
83.904762 24.074292
49.027002 12.893816
55.553398 8.417346
17.656323 26.578360
36.501684 14.382808
77.288455 76.765513
6.546623 51.237976
53.746497 3.626230
62.310833 12.001872
41.733719 87.345496
52.538499 10.858747
11.562149 69.356748
56.934753 10.351640
68.254968 13.785144
73.112558 83.750382
51.189299 9.932105
8.534421 50.978218
54.737903 86.822922
47.634395 10.255060
11.398879 50.485010
74.224238 19.880171
34.921397 87.656420
88.302740 45.601058
84.048793 67.364558
13.314373 57.663183
10.791347 40.054351
66.463270 86.150156
17.590225 68.866318
72.748747 85.704562
88.115763 55.944102
52.056387 92.341039
12.348431 54.630113
17.041386 75.252570
42.948762 89.711430
85.997967 32.439736
10.534781 33.911068
10.378763 55.521023
77.504795 75.777898
25.071422 83.944868
51.063763 88.570463
86.769998 44.478168
76.902140 16.958625
8.103340 58.831375
86.045286 30.310611
83.250612 27.873034
91.497528 56.494061
28.230062 85.383271
77.055388 21.760265
9.419822 60.727840
21.785563 18.350062
64.756473 13.544666
43.053001 12.828774
87.507505 64.378099
11.508991 37.502147
16.113263 70.651820
18.316579 73.442330
86.479187 70.549996
15.525039 70.121501
83.907095 27.169991
54.932567 89.402320
89.415448 45.074687
18.941561 22.404943
76.795244 80.884927
11.830642 43.982366
29.272715 21.355222
80.917666 31.676253
77.315078 75.449973
90.127341 60.254170
8.804843 48.247747
26.780660 16.183530
82.511633 29.268493
70.307284 18.917273
86.558017 29.994363
11.511908 56.886969
18.538628 76.292033
79.751195 78.800878
34.295364 12.570043
64.698689 89.104557
76.536368 21.463981
74.333453 16.968880
34.838366 17.120117
81.728865 74.076994
57.734189 6.885768
21.093796 78.666113
78.009049 80.765963
10.760530 34.933391
67.898354 86.640576
11.048626 46.418362
8.599738 47.448882
84.567421 29.486797
21.829641 79.150357
12.377200 63.546056
26.070146 81.823003
15.585942 62.874556
82.176154 23.389801
73.621276 75.415634
14.092811 46.085821
33.983649 13.703561
28.518756 12.814992
31.098507 85.507942
34.941430 87.324424
74.993592 18.045834
10.914718 54.862442
76.240292 19.393283
36.986035 88.438976
88.716312 70.366197
33.519938 80.448558
48.367697 91.157269
81.338284 75.816312
19.516677 68.518750
12.803532 38.981374
90.307099 59.729192
27.609381 18.510867
24.862304 80.972357
68.939263 86.611424
83.293992 27.860363
7.516480 45.069571
46.156307 5.199838
23.177549 21.500613
72.633301 12.814342
15.153116 66.202894
72.701570 81.544068
12.584399 30.936874
29.181205 17.655861
71.975657 14.010185
20.598271 73.023446
43.255058 14.613269
63.814478 90.244458
89.763123 41.342905
67.331316 87.066371
28.269965 82.776374
84.958884 65.464565
87.142507 59.691778
75.207109 20.267433
90.841341 52.029261
82.464483 24.303178
63.335878 9.946298
90.569785 46.543355
14.053066 34.164839
45.345981 7.580177
52.677075 11.261850
90.304543 38.806663
18.578179 29.535389
64.106257 83.971041
74.240389 14.482110
81.274571 74.437976
11.576853 50.802915
16.997915 79.156852
31.479694 19.535720
59.941137 90.581411
51.186369 90.440187
87.720699 72.842509
37.237567 86.358706
85.939040 41.208611
27.144189 17.636923
31.594877 86.546590
32.895659 87.308631
79.530590 21.670778
17.606485 22.000413
54.638374 91.621554
13.466111 67.711954
66.710809 83.173165
17.841848 29.893391
58.243133 88.476154
59.369847 86.606504
83.335875 31.544677
67.869223 15.002098
76.162959 20.967988
19.151513 77.056479
29.580033 81.654063
59.064885 88.866096
89.330794 63.508478
18.825250 77.313471
23.922533 79.491549
91.465267 52.694978
43.083767 9.958899
84.458927 63.589400
15.319096 31.909688
16.389293 71.641776
19.028016 21.582999
88.466964 59.140003
24.151742 22.264428
73.288609 84.983448
7.295832 50.195261
48.753442 10.991480
53.393938 90.747004
70.602125 88.619662
67.509984 13.935924
86.486820 29.327227
41.093218 87.358623
52.433319 8.002067
27.669383 17.039578
86.285987 66.513039
90.813812 57.309322
75.711857 83.973316
15.018951 29.755304
18.378632 72.659572
14.642004 70.165659
85.455460 71.176762
20.160262 76.746535
43.521869 11.331634
19.600932 28.065722
18.892283 27.200327
12.724565 59.199643
37.363679 82.861684
57.222120 90.244096
8.975519 65.494069
82.797488 72.020929
21.199804 19.382185
77.394279 75.183713
41.841167 10.784604
81.371721 73.662510
13.910550 69.983842
88.615279 59.999876
10.216178 63.367188
57.846376 88.087499
10.279248 54.862147
78.130264 71.897335
11.938468 71.649992
11.790790 57.396341
79.388472 73.547349
10.810781 46.046130
84.841348 38.681702
36.415967 87.819147
20.363003 20.994026
87.009143 62.390494
31.699726 83.378513
61.549597 91.202474
27.743462 80.416281
44.497711 88.904151
17.900279 71.948351
28.844052 15.236160
62.649343 88.623524
75.259950 80.216292
82.289788 71.164823
82.810704 32.095479
87.265087 37.277866
74.362773 80.011104
42.749530 9.635267
10.441672 40.010216
9.213846 51.313511
91.687088 58.428962
65.601861 11.624171
51.632645 87.649426
13.849062 44.352157
87.134198 30.047508
88.580753 47.544266
51.005704 11.902052
27.512544 18.021080
68.000990 85.797084
55.485549 5.795909
28.250012 14.638193
33.276961 12.060886
65.894591 17.508413
65.337142 11.991443
87.483584 35.988894
84.796932 72.996803
59.210355 8.815119
9.220332 52.443410
59.498382 11.389974
89.782769 60.226987
13.856359 47.394874
61.093783 10.322441
12.695380 66.528318
70.501141 82.457988
56.381415 12.581163
29.908254 15.414684
14.243042 59.697875
44.636782 92.491654
70.283699 13.936566
30.641095 10.315044
89.683852 40.929514
87.207802 48.308881
57.556556 11.467640
20.615253 75.567685
18.433396 26.604425
88.806392 68.225653
58.474679 11.358572
78.323854 15.655647
82.892849 31.598558
52.876245 7.871697
83.907805 61.821471
14.970179 68.694943
75.426531 76.614101
90.648618 51.303554
15.247669 57.058558
19.043054 76.620683
22.479106 23.632504
71.900004 15.675608
85.463856 66.665481
81.608100 25.379020
87.299350 71.526041
18.878643 23.457058
25.917847 76.691370
22.421266 18.873877
19.227086 26.178064
58.878948 90.499598
13.957766 67.364123
11.849388 65.565997
29.269785 11.559212
59.095215 13.724212
9.468406 38.563559
86.264754 72.812820
13.546111 71.872497
84.653303 50.728623
42.079628 84.127262
52.547553 9.276701
87.887606 57.526731
53.135177 9.926723
27.096827 83.992370
64.126017 87.886069
15.210675 32.221735
44.194529 9.746296
78.572241 81.126556
90.294052 44.257002
86.155595 36.092546
60.385239 88.118906
90.477115 52.216812
38.720812 87.718769
43.187575 92.852530
24.484133 18.467517
28.396884 82.086451
63.623334 14.500113
20.585559 72.700543
85.671908 31.181673
88.655228 51.551682
13.931384 32.605640
74.394317 82.506970
52.653947 90.786781
31.998770 83.585424
60.124648 87.042841
47.861859 88.975044
11.595298 55.813045
38.377217 10.924661
60.006740 92.695274
12.034393 28.208647
54.645906 92.887119
89.698607 63.672408
35.183743 14.081173
64.365057 11.570028
77.733037 77.764381
17.167334 30.876078
50.714907 89.465380
13.693931 37.260651
25.853646 21.406190
49.186283 7.691555
60.338131 90.553157
68.437961 81.038668
87.766797 62.472594
91.425965 60.915182
11.186362 58.302945
72.086203 80.871270
83.699678 26.995530
14.421690 38.739883
76.035581 22.870452
54.200727 92.370393
26.077079 14.297215
13.472903 36.013109
11.584757 66.699945
79.614546 24.834050
33.780720 83.427817
18.169758 27.307781
14.719001 40.696177
