3000
0.000000 1.104829
0.047642 -0.192146
0.095283 0.320248
0.142925 0.344892
0.190567 -0.061925
0.238209 0.748577
0.285850 -0.115359
0.333492 0.278037
0.381134 -0.139531
0.428776 0.287584
0.476417 0.908521
0.524059 0.006323
0.571701 0.645282
0.619343 0.551200
0.666984 0.609911
0.714626 0.921699
0.762268 0.798216
0.809909 -0.375809
0.857551 1.604557
0.905193 1.849888
0.952835 0.940603
1.000476 1.106339
1.048118 1.549038
1.095760 1.900806
1.143402 0.498334
1.191043 1.540334
1.238685 0.724465
1.286327 1.350761
1.333969 1.810400
1.381610 1.554593
1.429252 1.300994
1.476894 1.658671
1.524535 1.982191
1.572177 2.166523
1.619819 2.414577
1.667461 1.950278
1.715102 1.373245
1.762744 1.798953
1.810386 2.359799
1.858028 1.667268
1.905669 2.005227
1.953311 2.942356
2.000953 2.723367
2.048595 2.316038
2.096236 2.797685
2.143878 3.586302
2.191520 3.081635
2.239162 3.380327
2.286803 3.332363
2.334445 2.811858
2.382087 2.242165
2.429728 3.850192
2.477370 3.357806
2.525012 3.272996
2.572654 3.029751
2.620295 3.315178
2.667937 3.960409
2.715579 3.498187
2.763221 3.470879
2.810862 3.616212
2.858504 2.724639
2.906146 4.494837
2.953788 3.282264
3.001429 3.543588
3.049071 4.239498
3.096713 3.787617
3.144354 3.230083
3.191996 4.547553
3.239638 4.535652
3.287280 3.990963
3.334921 4.686995
3.382563 3.638652
3.430205 4.114528
3.477847 4.183136
3.525488 4.484897
3.573130 4.340514
3.620772 4.282721
3.668414 4.405212
3.716055 4.167423
3.763697 4.648137
3.811339 4.098450
3.858980 4.628920
3.906622 5.430283
3.954264 5.017030
4.001906 4.646676
4.049547 4.079622
4.097189 4.231732
4.144831 4.213767
4.192473 5.474449
4.240114 5.611371
4.287756 5.345810
4.335398 5.593276
4.383040 5.270258
4.430681 5.321380
4.478323 5.497795
4.525965 5.757934
4.573606 5.077461
4.621248 4.236619
4.668890 5.051035
4.716532 4.953663
4.764173 5.454508
4.811815 5.858433
4.859457 5.543165
4.907099 6.194731
4.954740 5.303522
5.002382 6.892580
5.050024 4.993881
5.097666 6.245914
5.145307 5.970918
5.192949 5.890135
5.240591 6.230115
5.288232 6.707308
5.335874 6.978622
5.383516 5.409836
5.431158 5.794663
5.478799 6.426921
5.526441 6.975617
5.574083 6.493431
5.621725 6.098969
5.669366 5.495179
5.717008 6.527338
5.764650 6.429386
5.812292 5.761171
5.859933 6.787893
5.907575 7.308382
5.955217 6.719059
6.002859 6.370903
6.050500 6.435531
6.098142 7.730595
6.145784 7.316999
6.193425 7.683930
6.241067 7.376814
6.288709 6.415668
6.336351 6.927956
6.383992 7.504760
6.431634 6.874919
6.479276 5.905778
6.526918 8.091556
6.574559 7.269120
6.622201 7.535192
6.669843 7.096888
6.717485 8.433093
6.765126 7.670715
6.812768 7.282293
6.860410 7.045224
6.908051 7.429716
6.955693 6.920733
7.003335 7.640136
7.050977 7.320563
7.098618 6.692637
7.146260 8.093438
7.193902 8.246917
7.241544 7.895877
7.289185 8.286396
7.336827 7.962738
7.384469 8.297916
7.432111 8.247626
7.479752 7.831286
7.527394 7.145976
7.575036 7.418090
7.622677 8.488666
7.670319 8.007351
7.717961 8.142294
7.765603 8.569564
7.813244 7.732788
7.860886 7.645503
7.908528 9.235206
7.956170 8.408401
8.003811 7.324097
8.051453 7.803612
8.099095 8.512514
8.146737 8.132079
8.194378 8.373919
8.242020 8.366256
8.289662 8.735079
8.337303 8.528983
8.384945 8.404140
8.432587 7.597421
8.480229 8.235236
8.527870 8.837674
8.575512 8.983877
8.623154 9.684346
8.670796 8.533990
8.718437 8.572944
8.766079 9.584081
8.813721 9.385548
8.861363 9.135522
8.909004 7.909853
8.956646 9.014859
9.004288 9.696645
9.051929 8.351487
9.099571 9.426705
9.147213 9.550178
9.194855 8.309222
9.242496 8.836128
9.290138 8.537863
9.337780 9.231040
9.385422 9.201289
9.433063 9.095804
9.480705 9.787061
9.528347 9.933814
9.575989 9.741252
9.623630 9.382410
9.671272 9.773051
9.718914 9.820649
9.766556 9.306558
9.814197 9.934448
9.861839 10.257880
9.909481 9.196440
9.957122 9.547678
10.004764 9.603644
10.052406 9.696485
10.100048 9.731129
10.147689 9.533354
10.195331 8.901565
10.242973 9.959124
10.290615 8.529107
10.338256 9.873902
10.385898 9.263386
10.433540 9.540140
10.481182 8.954400
10.528823 9.238399
10.576465 10.085954
10.624107 9.379195
10.671748 9.992428
10.719390 9.693913
10.767032 9.793435
10.814674 9.911222
10.862315 9.476218
10.909957 9.791788
10.957599 9.819238
11.005241 8.927819
11.052882 10.856483
11.100524 10.067091
11.148166 9.213639
11.195808 9.671897
11.243449 10.601526
11.291091 8.814388
11.338733 10.025067
11.386374 10.845820
11.434016 10.386825
11.481658 10.157394
11.529300 9.512968
11.576941 9.586668
11.624583 9.084049
11.672225 9.603439
11.719867 9.284042
11.767508 10.539794
11.815150 10.240078
11.862792 9.871312
11.910434 9.467357
11.958075 10.117172
12.005717 10.304538
12.053359 9.932980
12.101000 10.016274
12.148642 8.998815
12.196284 9.534479
12.243926 10.143100
12.291567 10.084613
12.339209 9.588040
12.386851 10.033589
12.434493 9.873152
12.482134 10.171074
12.529776 10.617678
12.577418 10.919895
12.625060 10.177674
12.672701 10.922292
12.720343 10.370169
12.767985 8.690460
12.815626 9.634958
12.863268 9.558126
12.910910 9.441244
12.958552 9.531450
13.006193 9.993448
13.053835 10.719223
13.101477 9.660556
13.149119 9.616156
13.196760 9.292386
13.244402 10.069316
13.292044 10.025620
13.339686 9.201157
13.387327 9.853669
13.434969 9.870558
13.482611 10.164378
13.530253 9.435987
13.577894 9.980582
13.625536 9.734520
13.673178 10.489156
13.720819 9.537375
13.768461 10.730708
13.816103 9.716647
13.863745 10.196536
13.911386 10.412563
13.959028 9.817263
14.006670 10.698841
14.054312 10.247215
14.101953 8.763757
14.149595 9.853023
14.197237 10.377072
14.244879 9.548778
14.292520 9.703002
14.340162 9.460923
14.387804 9.736775
14.435445 10.317272
14.483087 10.194891
14.530729 9.499238
14.578371 9.451726
14.626012 9.549769
14.673654 10.114644
14.721296 10.376613
14.768938 9.652809
14.816579 10.103733
14.864221 9.673515
14.911863 10.375159
14.959505 9.487784
15.007146 9.626081
15.054788 9.135597
15.102430 10.096190
15.150071 10.021055
15.197713 9.167293
15.245355 8.869612
15.292997 10.364444
15.340638 8.993389
15.388280 9.584452
15.435922 9.847298
15.483564 9.168272
15.531205 8.693617
15.578847 9.293700
15.626489 8.968272
15.674131 9.522058
15.721772 9.399278
15.769414 9.200136
15.817056 9.176696
15.864697 8.517597
15.912339 9.520956
15.959981 9.937052
16.007623 9.768167
16.055264 8.811040
16.102906 9.740497
16.150548 9.183093
16.198190 9.339065
16.245831 8.844419
16.293473 9.942519
16.341115 8.437550
16.388757 8.754928
16.436398 8.722506
16.484040 9.343712
16.531682 8.902383
16.579323 8.967086
16.626965 8.649077
16.674607 7.456521
16.722249 8.698688
16.769890 7.539498
16.817532 8.383125
16.865174 8.529829
16.912816 8.503798
16.960457 8.384481
17.008099 8.288839
17.055741 8.142973
17.103383 7.734781
17.151024 7.809898
17.198666 8.736898
17.246308 8.030148
17.293949 8.281611
17.341591 8.085736
17.389233 8.049596
17.436875 7.863762
17.484516 7.929352
17.532158 7.349936
17.579800 8.391488
17.627442 8.046631
17.675083 8.653443
17.722725 8.052115
17.770367 7.760641
17.818009 7.971022
17.865650 6.988149
17.913292 7.322796
17.960934 7.681758
18.008576 7.194271
18.056217 7.847847
18.103859 7.730630
18.151501 8.135834
18.199142 8.262970
18.246784 7.107926
18.294426 7.255356
18.342068 8.202730
18.389709 7.241400
18.437351 7.594007
18.484993 7.492014
18.532635 7.034424
18.580276 7.081508
18.627918 7.530327
18.675560 6.929356
18.723202 7.409189
18.770843 7.723965
18.818485 6.364881
18.866127 7.356983
18.913768 6.077567
18.961410 7.243077
19.009052 6.679680
19.056694 6.586896
19.104335 6.818424
19.151977 7.364817
19.199619 6.104051
19.247261 6.447015
19.294902 6.226370
19.342544 7.503167
19.390186 7.003326
19.437828 6.244890
19.485469 6.684467
19.533111 6.531772
19.580753 7.200926
19.628394 5.472852
19.676036 6.957819
19.723678 6.472045
19.771320 5.835926
19.818961 6.904168
19.866603 5.165543
19.914245 6.160900
19.961887 6.060607
20.009528 5.751302
20.057170 5.352781
20.104812 5.281202
20.152454 6.051053
20.200095 6.021438
20.247737 5.151430
20.295379 6.237860
20.343020 6.577365
20.390662 6.426426
20.438304 6.226647
20.485946 5.626174
20.533587 5.645286
20.581229 6.118471
20.628871 5.106093
20.676513 4.897527
20.724154 5.366382
20.771796 5.974511
20.819438 5.085649
20.867080 4.667072
20.914721 5.775386
20.962363 3.649486
21.010005 5.166016
21.057646 4.946913
21.105288 4.351882
21.152930 4.629834
21.200572 4.233212
21.248213 4.871191
21.295855 4.123558
21.343497 4.512154
21.391139 5.384494
21.438780 4.549368
21.486422 4.763173
21.534064 3.630252
21.581706 4.836370
21.629347 4.163275
21.676989 4.788968
21.724631 4.029087
21.772273 5.088254
21.819914 4.917659
21.867556 4.691847
21.915198 4.102936
21.962839 3.446765
22.010481 3.295415
22.058123 4.666241
22.105765 3.145891
22.153406 3.215501
22.201048 4.446764
22.248690 2.698816
22.296332 3.283849
22.343973 2.375863
22.391615 3.096556
22.439257 2.481709
22.486899 3.298953
22.534540 5.000893
22.582182 3.017931
22.629824 2.929725
22.677465 2.717879
22.725107 3.449875
22.772749 2.860852
22.820391 2.356212
22.868032 3.042590
22.915674 3.205134
22.963316 3.512468
23.010958 3.652226
23.058599 3.193270
23.106241 2.610567
23.153883 2.841673
23.201525 3.143278
23.249166 1.582608
23.296808 1.804510
23.344450 1.985810
23.392091 2.496872
23.439733 1.946064
23.487375 2.064197
23.535017 2.098455
23.582658 1.989794
23.630300 2.283640
23.677942 1.116880
23.725584 2.830218
23.773225 1.535146
23.820867 2.178906
23.868509 1.867942
23.916151 1.062268
23.963792 1.059833
24.011434 0.561958
24.059076 1.320720
24.106717 2.030200
24.154359 -0.052634
24.202001 0.258192
24.249643 1.092228
24.297284 0.280671
24.344926 -0.080313
24.392568 1.068475
24.440210 0.140901
24.487851 0.165348
24.535493 -0.083984
24.583135 0.440867
24.630777 0.767017
24.678418 1.579215
24.726060 -0.991910
24.773702 0.005612
24.821343 0.200746
24.868985 0.142328
24.916627 -0.049279
24.964269 1.125772
25.011910 -0.652207
25.059552 0.628472
25.107194 -0.608967
25.154836 -0.403418
25.202477 -0.386375
25.250119 -0.811525
25.297761 -1.105862
25.345403 -0.314391
25.393044 -1.190533
25.440686 -0.669214
25.488328 -0.044388
25.535970 -0.524609
25.583611 -1.173052
25.631253 -1.355163
25.678895 -0.593195
25.726536 0.386703
25.774178 -0.863441
25.821820 -0.598530
25.869462 -1.510689
25.917103 0.169828
25.964745 -0.733171
26.012387 -0.737368
26.060029 -0.910084
26.107670 -1.953986
26.155312 -1.556173
26.202954 -0.782127
26.250596 -1.465651
26.298237 -0.912303
26.345879 -0.925584
26.393521 -1.527660
26.441162 -0.643180
26.488804 -1.862086
26.536446 -2.445086
26.584088 -2.263986
26.631729 -2.365798
26.679371 -1.856874
26.727013 -2.597139
26.774655 -1.833004
26.822296 -1.011580
26.869938 -2.532929
26.917580 -1.615459
26.965222 -2.227115
27.012863 -2.750109
27.060505 -2.775203
27.108147 -2.278736
27.155788 -1.632933
27.203430 -2.271653
27.251072 -2.439811
27.298714 -1.958821
27.346355 -2.945163
27.393997 -2.895638
27.441639 -2.881728
27.489281 -3.391642
27.536922 -3.363115
27.584564 -2.970695
27.632206 -2.838739
27.679848 -3.287657
27.727489 -2.687462
27.775131 -3.997872
27.822773 -2.754451
27.870414 -3.169522
27.918056 -2.928880
27.965698 -2.695412
28.013340 -3.281414
28.060981 -3.683516
28.108623 -3.994885
28.156265 -3.136794
28.203907 -4.020451
28.251548 -3.587312
28.299190 -3.668591
28.346832 -4.223884
28.394474 -4.078602
28.442115 -4.193749
28.489757 -4.026692
28.537399 -4.634739
28.585040 -4.624467
28.632682 -4.148381
28.680324 -3.723815
28.727966 -3.920735
28.775607 -4.050286
28.823249 -3.918327
28.870891 -4.707426
28.918533 -4.240415
28.966174 -4.945811
29.013816 -4.942237
29.061458 -5.047599
29.109100 -4.928190
29.156741 -3.984212
29.204383 -4.404800
29.252025 -4.356594
29.299667 -5.395013
29.347308 -5.648942
29.394950 -4.787277
29.442592 -4.850331
29.490233 -5.197621
29.537875 -5.881327
29.585517 -5.660809
29.633159 -5.330773
29.680800 -5.520015
29.728442 -5.027582
29.776084 -5.314776
29.823726 -5.145841
29.871367 -6.209171
29.919009 -6.277765
29.966651 -5.430102
30.014293 -6.068344
30.061934 -5.491979
30.109576 -6.086817
30.157218 -5.587376
30.204859 -4.307930
30.252501 -5.564388
30.300143 -5.679024
30.347785 -5.964524
30.395426 -6.276834
30.443068 -5.362099
30.490710 -5.910401
30.538352 -6.085385
30.585993 -5.933064
30.633635 -6.384080
30.681277 -6.284016
30.728919 -7.301663
30.776560 -7.062881
30.824202 -6.723010
30.871844 -6.221584
30.919485 -6.734219
30.967127 -6.873091
31.014769 -6.725944
31.062411 -6.551754
31.110052 -7.081161
31.157694 -6.803645
31.205336 -7.458700
31.252978 -6.496243
31.300619 -6.312933
31.348261 -7.107523
31.395903 -7.312779
31.443545 -7.543848
31.491186 -7.567889
31.538828 -6.751816
31.586470 -7.334586
31.634111 -7.339512
31.681753 -7.155288
31.729395 -7.779024
31.777037 -6.690310
31.824678 -6.744102
31.872320 -7.490304
31.919962 -6.984727
31.967604 -6.749431
32.015245 -7.181670
32.062887 -7.847212
32.110529 -7.640398
32.158171 -7.256341
32.205812 -7.756216
32.253454 -8.397425
32.301096 -7.685589
32.348737 -8.374841
32.396379 -8.105044
32.444021 -7.490527
32.491663 -7.729983
32.539304 -8.229963
32.586946 -8.091712
32.634588 -8.796045
32.682230 -8.486096
32.729871 -8.739505
32.777513 -8.172486
32.825155 -8.485951
32.872797 -8.215339
32.920438 -8.407520
32.968080 -7.766179
33.015722 -8.671852
33.063364 -7.232063
33.111005 -8.127932
33.158647 -8.163713
33.206289 -8.910869
33.253930 -8.159846
33.301572 -8.483710
33.349214 -8.480537
33.396856 -9.091392
33.444497 -7.725577
33.492139 -8.522759
33.539781 -9.028819
33.587423 -8.284961
33.635064 -8.941497
33.682706 -7.980180
33.730348 -8.850794
33.777990 -9.105257
33.825631 -9.712175
33.873273 -9.175788
33.920915 -8.601214
33.968556 -8.644574
34.016198 -8.342411
34.063840 -9.033356
34.111482 -9.168796
34.159123 -8.383787
34.206765 -7.912090
34.254407 -8.394409
34.302049 -9.525231
34.349690 -10.384602
34.397332 -10.185101
34.444974 -9.264933
34.492616 -9.221104
34.540257 -9.558110
34.587899 -9.245782
34.635541 -9.699569
34.683182 -8.940908
34.730824 -9.387686
34.778466 -10.125447
34.826108 -9.676523
34.873749 -9.278616
34.921391 -10.463492
34.969033 -9.781695
35.016675 -9.969412
35.064316 -8.700425
35.111958 -9.357655
35.159600 -9.794134
35.207242 -10.037528
35.254883 -9.419997
35.302525 -9.105670
35.350167 -9.098997
35.397808 -8.984479
35.445450 -9.779592
35.493092 -9.894200
35.540734 -9.217481
35.588375 -9.349656
35.636017 -9.173287
35.683659 -9.954687
35.731301 -9.712987
35.778942 -10.120008
35.826584 -10.557689
35.874226 -9.886691
35.921868 -8.876332
35.969509 -10.354506
36.017151 -9.718139
36.064793 -10.085849
36.112434 -10.581293
36.160076 -9.838047
36.207718 -9.561972
36.255360 -9.875699
36.303001 -9.487749
36.350643 -10.208098
36.398285 -9.948332
36.445927 -9.697700
36.493568 -9.613578
36.541210 -9.956597
36.588852 -9.495278
36.636494 -9.009664
36.684135 -10.243550
36.731777 -9.722232
36.779419 -9.716983
36.827061 -10.148764
36.874702 -9.892315
36.922344 -9.407874
36.969986 -9.680105
37.017627 -10.195505
37.065269 -9.769320
37.112911 -9.480535
37.160553 -9.619926
37.208194 -9.745625
37.255836 -10.468965
37.303478 -9.839454
37.351120 -9.978187
37.398761 -9.469165
37.446403 -10.339321
37.494045 -10.799975
37.541687 -10.484976
37.589328 -9.916619
37.636970 -9.316463
37.684612 -8.802168
37.732253 -9.931398
37.779895 -10.695291
37.827537 -10.060223
37.875179 -9.643416
37.922820 -9.242890
37.970462 -9.478902
38.018104 -10.226070
38.065746 -9.747192
38.113387 -9.609317
38.161029 -10.679359
38.208671 -9.394271
38.256313 -9.491317
38.303954 -9.485586
38.351596 -9.850359
38.399238 -9.904513
38.446879 -9.665135
38.494521 -10.348525
38.542163 -9.517184
38.589805 -9.394373
38.637446 -10.059473
38.685088 -10.135363
38.732730 -9.816189
38.780372 -10.845978
38.828013 -10.135417
38.875655 -8.003998
38.923297 -10.074030
38.970939 -9.754778
39.018580 -9.900241
39.066222 -10.377234
39.113864 -9.227222
39.161505 -8.979308
39.209147 -9.675913
39.256789 -10.274592
39.304431 -9.111744
39.352072 -9.411612
39.399714 -10.388562
39.447356 -10.080096
39.494998 -10.311453
39.542639 -10.634743
39.590281 -8.881337
39.637923 -9.892025
39.685565 -8.819042
39.733206 -8.879810
39.780848 -8.889527
39.828490 -8.980578
39.876131 -9.696474
39.923773 -9.397258
39.971415 -9.361307
40.019057 -10.129264
40.066698 -9.669669
40.114340 -9.547483
40.161982 -10.160808
40.209624 -9.633982
40.257265 -10.100638
40.304907 -9.458345
40.352549 -9.094584
40.400191 -8.906412
40.447832 -10.104201
40.495474 -9.380503
40.543116 -9.143052
40.590758 -8.750012
40.638399 -9.624613
40.686041 -9.156192
40.733683 -8.646105
40.781324 -8.775670
40.828966 -9.048810
40.876608 -9.618455
40.924250 -8.878843
40.971891 -8.822353
41.019533 -9.348224
41.067175 -8.838885
41.114817 -9.163016
41.162458 -9.316102
41.210100 -8.991821
41.257742 -8.869130
41.305384 -8.631051
41.353025 -8.210809
41.400667 -8.543411
41.448309 -9.423704
41.495950 -8.557429
41.543592 -9.473802
41.591234 -9.016532
41.638876 -9.502974
41.686517 -9.812265
41.734159 -8.131351
41.781801 -9.827437
41.829443 -8.867957
41.877084 -8.391030
41.924726 -9.427573
41.972368 -9.614411
42.020010 -8.025762
42.067651 -9.365396
42.115293 -7.772325
42.162935 -8.504119
42.210576 -8.872279
42.258218 -8.675242
42.305860 -8.545440
42.353502 -9.060357
42.401143 -8.132657
42.448785 -8.927274
42.496427 -8.526889
42.544069 -8.040705
42.591710 -8.274954
42.639352 -8.758143
42.686994 -8.388314
42.734636 -7.395151
42.782277 -7.691353
42.829919 -8.001444
42.877561 -7.738922
42.925202 -8.027500
42.972844 -7.290388
43.020486 -8.869270
43.068128 -7.487757
43.115769 -8.234250
43.163411 -8.468603
43.211053 -7.853672
43.258695 -8.017118
43.306336 -7.989144
43.353978 -7.708689
43.401620 -7.224351
43.449262 -7.487329
43.496903 -7.783883
43.544545 -7.329269
43.592187 -7.962744
43.639828 -7.138242
43.687470 -7.366358
43.735112 -6.741418
43.782754 -7.256602
43.830395 -7.542796
43.878037 -7.864878
43.925679 -7.502771
43.973321 -8.017433
44.020962 -6.307653
44.068604 -6.920230
44.116246 -6.889126
44.163888 -7.416715
44.211529 -7.217036
44.259171 -6.787137
44.306813 -7.116900
44.354455 -6.839779
44.402096 -6.464364
44.449738 -7.351389
44.497380 -6.506044
44.545021 -6.147403
44.592663 -6.722955
44.640305 -6.870369
44.687947 -7.345119
44.735588 -6.335483
44.783230 -6.242888
44.830872 -6.216090
44.878514 -6.171605
44.926155 -5.880991
44.973797 -5.592479
45.021439 -5.451718
45.069081 -6.078895
45.116722 -5.911616
45.164364 -6.559439
45.212006 -5.767864
45.259647 -6.028443
45.307289 -5.663758
45.354931 -5.189226
45.402573 -5.401478
45.450214 -5.865222
45.497856 -5.689033
45.545498 -6.159689
45.593140 -5.120119
45.640781 -4.867953
45.688423 -5.754453
45.736065 -5.391934
45.783707 -4.867968
45.831348 -5.561697
45.878990 -6.300076
45.926632 -4.701695
45.974273 -4.773445
46.021915 -4.203006
46.069557 -5.450665
46.117199 -4.021632
46.164840 -5.188461
46.212482 -4.741497
46.260124 -5.420938
46.307766 -4.956115
46.355407 -5.008216
46.403049 -4.435597
46.450691 -3.865993
46.498333 -4.545029
46.545974 -4.680153
46.593616 -4.888086
46.641258 -4.577209
46.688899 -4.664673
46.736541 -4.510292
46.784183 -4.110707
46.831825 -5.057511
46.879466 -3.607158
46.927108 -4.274780
46.974750 -4.133808
47.022392 -3.675595
47.070033 -4.286313
47.117675 -2.794975
47.165317 -3.586251
47.212959 -3.255609
47.260600 -3.999191
47.308242 -3.592470
47.355884 -3.464121
47.403525 -3.869448
47.451167 -2.498828
47.498809 -2.837592
47.546451 -3.533749
47.594092 -2.936168
47.641734 -3.626084
47.689376 -3.205448
47.737018 -3.309586
47.784659 -3.030738
47.832301 -3.006101
47.879943 -2.658589
47.927585 -2.713646
47.975226 -2.227432
48.022868 -2.643896
48.070510 -2.488008
48.118152 -2.938314
48.165793 -1.648216
48.213435 -2.781464
48.261077 -3.064388
48.308718 -2.863227
48.356360 -3.208703
48.404002 -1.736460
48.451644 -2.466229
48.499285 -2.192010
48.546927 -2.663153
48.594569 -2.031240
48.642211 -2.273285
48.689852 -1.788779
48.737494 -1.346263
48.785136 -1.913204
48.832778 -1.281151
48.880419 -2.276653
48.928061 -2.150507
48.975703 -0.786668
49.023344 -1.302776
49.070986 -1.214777
49.118628 -1.378866
49.166270 -2.125160
49.213911 -0.506627
49.261553 -1.237262
49.309195 -1.461389
49.356837 -0.353681
49.404478 -1.381778
49.452120 -0.601041
49.499762 -1.149804
49.547404 -1.220869
49.595045 -0.714187
49.642687 -0.571771
49.690329 -0.479585
49.737970 -0.584118
49.785612 -1.070055
49.833254 -0.625112
49.880896 -0.941794
49.928537 -1.035714
49.976179 -0.749616
50.023821 -0.303641
50.071463 -0.111847
50.119104 -0.099881
50.166746 0.523002
50.214388 -0.298642
50.262030 -0.509248
50.309671 0.252621
50.357313 -0.525102
50.404955 0.071377
50.452596 0.310672
50.500238 0.430701
50.547880 0.260935
50.595522 0.033337
50.643163 0.294987
50.690805 -0.106221
50.738447 0.451904
50.786089 0.316706
50.833730 1.248758
50.881372 0.613325
50.929014 0.106282
50.976656 1.320930
51.024297 0.999989
51.071939 1.393110
51.119581 1.855428
51.167222 1.735080
51.214864 1.420983
51.262506 -0.178133
51.310148 0.532802
51.357789 1.964195
51.405431 1.347522
51.453073 2.252241
51.500715 1.567532
51.548356 2.290588
51.595998 1.096493
51.643640 2.114713
51.691282 1.159990
51.738923 2.528276
51.786565 2.250930
51.834207 2.346994
51.881848 2.185440
51.929490 1.535965
51.977132 2.386929
52.024774 1.365458
52.072415 2.366831
52.120057 1.603318
52.167699 1.944280
52.215341 2.220727
52.262982 1.785785
52.310624 2.983737
52.358266 1.840349
52.405908 3.281491
52.453549 2.832103
52.501191 3.344079
52.548833 1.977341
52.596475 1.695036
52.644116 1.696587
52.691758 3.317406
52.739400 2.734035
52.787041 3.494430
52.834683 3.070498
52.882325 3.849097
52.929967 3.529328
52.977608 3.223354
53.025250 4.341573
53.072892 3.261526
53.120534 3.874169
53.168175 2.898721
53.215817 4.404656
53.263459 3.304276
53.311101 3.635726
53.358742 3.984621
53.406384 3.592745
53.454026 4.105462
53.501667 3.748493
53.549309 4.597631
53.596951 3.890787
53.644593 3.837062
53.692234 4.368056
53.739876 4.960621
53.787518 4.641621
53.835160 4.755823
53.882801 3.971762
53.930443 4.613124
53.978085 4.695714
54.025727 4.582142
54.073368 4.228263
54.121010 4.354103
54.168652 4.236239
54.216293 4.262245
54.263935 4.559417
54.311577 4.747943
54.359219 4.594561
54.406860 4.896373
54.454502 5.323625
54.502144 5.149633
54.549786 5.256801
54.597427 4.468812
54.645069 5.307020
54.692711 5.770713
54.740353 4.718265
54.787994 4.571588
54.835636 6.140181
54.883278 4.680583
54.930919 5.428232
54.978561 5.550386
55.026203 5.613093
55.073845 5.639404
55.121486 5.033057
55.169128 5.666072
55.216770 5.993066
55.264412 6.539369
55.312053 6.235383
55.359695 5.786639
55.407337 6.559821
55.454979 6.366986
55.502620 5.946134
55.550262 6.330258
55.597904 7.209931
55.645545 6.489807
55.693187 6.781616
55.740829 6.675147
55.788471 6.157120
55.836112 5.755659
55.883754 6.803801
55.931396 6.894603
55.979038 6.039163
56.026679 7.117579
56.074321 6.715875
56.121963 6.118924
56.169605 6.535862
56.217246 6.287927
56.264888 6.455184
56.312530 7.025658
56.360172 7.079113
56.407813 7.122459
56.455455 7.285169
56.503097 7.238687
56.550738 7.759492
56.598380 7.593441
56.646022 7.290229
56.693664 7.386708
56.741305 7.290732
56.788947 6.928895
56.836589 6.589490
56.884231 8.266229
56.931872 6.611409
56.979514 7.409026
57.027156 7.782927
57.074798 7.682808
57.122439 7.750581
57.170081 7.079094
57.217723 7.581001
57.265364 7.943808
57.313006 7.856147
57.360648 7.895106
57.408290 7.630523
57.455931 8.612755
57.503573 7.625349
57.551215 7.951934
57.598857 7.986620
57.646498 7.206993
57.694140 8.345924
57.741782 8.356106
57.789424 7.714025
57.837065 8.777605
57.884707 8.117949
57.932349 8.391486
57.979990 7.446453
58.027632 8.342944
58.075274 8.125707
58.122916 7.559523
58.170557 8.886235
58.218199 8.467321
58.265841 8.768748
58.313483 7.669889
58.361124 7.926547
58.408766 8.391482
58.456408 8.124513
58.504050 8.880286
58.551691 9.021703
58.599333 8.050313
58.646975 8.566820
58.694616 9.524748
58.742258 8.534108
58.789900 8.642950
58.837542 8.823005
58.885183 7.893134
58.932825 8.650501
58.980467 8.620237
59.028109 8.380140
59.075750 10.287914
59.123392 9.145561
59.171034 9.876120
59.218676 8.105073
59.266317 9.025136
59.313959 9.832194
59.361601 8.848422
59.409242 9.570906
59.456884 9.184542
59.504526 8.849825
59.552168 9.153405
59.599809 8.388918
59.647451 9.544835
59.695093 9.093729
59.742735 10.101702
59.790376 9.003990
59.838018 9.112346
59.885660 9.272364
59.933302 10.133066
59.980943 9.484099
60.028585 9.781864
60.076227 9.466886
60.123869 8.477338
60.171510 9.525105
60.219152 9.706487
60.266794 9.466433
60.314435 9.536094
60.362077 9.038757
60.409719 9.593285
60.457361 10.142172
60.505002 10.340704
60.552644 8.858698
60.600286 9.650190
60.647928 10.084288
60.695569 9.930786
60.743211 10.361336
60.790853 10.101540
60.838495 9.370505
60.886136 9.431291
60.933778 9.371051
60.981420 9.940585
61.029061 9.408148
61.076703 10.422893
61.124345 9.628948
61.171987 10.012221
61.219628 9.967567
61.267270 10.162205
61.314912 9.848967
61.362554 10.103027
61.410195 10.359054
61.457837 10.625062
61.505479 10.000811
61.553121 9.662082
61.600762 10.076264
61.648404 9.541303
61.696046 10.643481
61.743687 10.742020
61.791329 9.427820
61.838971 9.882054
61.886613 9.212611
61.934254 9.536624
61.981896 11.019619
62.029538 10.235454
62.077180 10.035806
62.124821 10.019212
62.172463 10.534249
62.220105 9.542946
62.267747 9.262150
62.315388 9.502395
62.363030 9.248481
62.410672 9.781592
62.458313 10.709124
62.505955 10.594188
62.553597 10.324806
62.601239 9.718621
62.648880 9.765231
62.696522 9.848317
62.744164 8.982824
62.791806 10.224446
62.839447 9.940701
62.887089 9.887675
62.934731 10.119522
62.982373 9.613318
63.030014 10.345778
63.077656 10.334134
63.125298 9.552783
63.172939 9.082616
63.220581 9.416875
63.268223 10.548938
63.315865 10.807323
63.363506 9.747183
63.411148 10.115631
63.458790 10.174781
63.506432 10.553370
63.554073 9.560438
63.601715 9.131137
63.649357 10.090856
63.696999 9.549129
63.744640 9.848569
63.792282 10.110606
63.839924 9.836663
63.887566 10.579775
63.935207 10.465289
63.982849 10.009000
64.030491 9.549858
64.078132 10.317366
64.125774 9.537417
64.173416 10.046624
64.221058 10.808819
64.268699 9.464138
64.316341 9.940349
64.363983 9.534903
64.411625 9.282895
64.459266 9.537611
64.506908 9.496143
64.554550 9.448795
64.602192 10.331622
64.649833 9.685552
64.697475 9.299476
64.745117 9.914367
64.792758 9.498661
64.840400 9.443915
64.888042 9.725241
64.935684 8.760449
64.983325 9.748442
65.030967 9.152732
65.078609 9.499585
65.126251 8.813723
65.173892 10.119888
65.221534 9.917614
65.269176 9.768222
65.316818 9.336005
65.364459 9.300977
65.412101 9.328996
65.459743 10.070035
65.507384 9.475080
65.555026 8.925558
65.602668 9.476488
65.650310 10.867538
65.697951 8.760912
65.745593 9.117866
65.793235 8.927640
65.840877 8.839801
65.888518 9.497905
65.936160 9.657570
65.983802 9.095111
66.031444 9.146760
66.079085 9.205958
66.126727 9.112989
66.174369 9.200048
66.222010 9.001574
66.269652 10.244575
66.317294 9.680118
66.364936 9.223192
66.412577 9.257488
66.460219 8.640691
66.507861 9.904123
66.555503 8.432575
66.603144 8.731866
66.650786 9.113682
66.698428 8.734406
66.746070 8.889584
66.793711 8.459974
66.841353 9.461674
66.888995 8.849176
66.936636 8.013810
66.984278 8.983615
67.031920 7.749549
67.079562 8.821582
67.127203 8.806943
67.174845 9.540811
67.222487 7.807371
67.270129 8.322027
67.317770 8.459016
67.365412 8.410515
67.413054 7.778596
67.460696 7.709720
67.508337 8.290676
67.555979 9.511109
67.603621 8.066342
67.651263 8.548256
67.698904 8.803104
67.746546 8.312248
67.794188 8.452271
67.841829 7.463888
67.889471 8.336680
67.937113 7.312484
67.984755 8.216183
68.032396 8.116834
68.080038 7.420339
68.127680 8.804723
68.175322 6.602955
68.222963 7.092459
68.270605 7.848508
68.318247 7.793718
68.365889 7.520338
68.413530 7.576456
68.461172 8.578335
68.508814 6.535393
68.556455 7.776886
68.604097 7.319003
68.651739 7.395902
68.699381 7.507271
68.747022 8.091879
68.794664 7.595873
68.842306 7.810988
68.889948 7.701999
68.937589 7.659024
68.985231 7.530103
69.032873 7.488008
69.080515 6.927584
69.128156 8.036755
69.175798 7.101787
69.223440 6.899456
69.271081 6.222432
69.318723 6.632333
69.366365 7.938877
69.414007 7.045571
69.461648 7.226432
69.509290 7.216979
69.556932 6.509083
69.604574 6.821492
69.652215 6.524680
69.699857 6.448946
69.747499 6.199835
69.795141 6.322603
69.842782 6.988045
69.890424 6.347784
69.938066 6.585556
69.985707 4.945405
70.033349 7.014921
70.080991 5.573094
70.128633 6.010154
70.176274 6.568001
70.223916 6.041098
70.271558 6.666193
70.319200 5.753054
70.366841 6.021485
70.414483 5.725669
70.462125 5.772841
70.509767 6.527168
70.557408 5.936667
70.605050 5.716280
70.652692 5.040888
70.700333 6.157375
70.747975 5.644231
70.795617 5.953882
70.843259 5.123367
70.890900 5.225000
70.938542 5.963999
70.986184 5.421807
71.033826 5.223175
71.081467 4.597039
71.129109 4.470061
71.176751 4.511548
71.224393 5.353519
71.272034 5.145623
71.319676 4.394442
71.367318 5.449674
71.414960 4.258174
71.462601 4.366411
71.510243 3.675090
71.557885 4.921900
71.605526 4.427894
71.653168 4.615636
71.700810 5.461744
71.748452 4.084482
71.796093 3.849674
71.843735 4.904370
71.891377 4.408592
71.939019 4.198098
71.986660 4.629650
72.034302 4.320395
72.081944 4.837865
72.129586 3.109303
72.177227 4.625937
72.224869 4.141858
72.272511 3.695298
72.320152 3.780725
72.367794 3.126599
72.415436 2.734790
72.463078 3.249145
72.510719 3.142694
72.558361 2.829825
72.606003 4.463831
72.653645 3.427555
72.701286 3.130899
72.748928 2.557872
72.796570 3.464373
72.844212 2.703147
72.891853 2.981863
72.939495 2.283452
72.987137 3.443747
73.034778 3.309461
73.082420 3.132907
73.130062 2.356487
73.177704 2.383694
73.225345 2.682402
73.272987 1.861002
73.320629 2.019806
73.368271 2.824891
73.415912 2.057399
73.463554 2.790253
73.511196 1.516951
73.558838 2.539854
73.606479 2.832700
73.654121 2.752218
73.701763 2.605704
73.749404 2.480477
73.797046 1.955551
73.844688 2.381702
73.892330 2.092890
73.939971 1.796528
73.987613 2.195182
74.035255 3.060322
74.082897 1.527057
74.130538 1.486415
74.178180 1.707159
74.225822 1.348379
74.273464 1.764635
74.321105 1.336864
74.368747 1.697401
74.416389 1.993889
74.464030 0.652826
74.511672 1.331235
74.559314 1.104158
74.606956 0.735527
74.654597 1.210186
74.702239 1.113387
74.749881 0.539607
74.797523 0.981125
74.845164 -0.388780
74.892806 0.826848
74.940448 0.498990
74.988090 0.442695
75.035731 0.417452
75.083373 0.892107
75.131015 0.449927
75.178657 -0.437090
75.226298 0.946032
75.273940 0.411770
75.321582 0.503258
75.369223 0.242484
75.416865 -0.161616
75.464507 0.261860
75.512149 -0.913745
75.559790 -0.032790
75.607432 -0.898677
75.655074 -0.745413
75.702716 -0.489935
75.750357 -0.345407
75.797999 0.276049
75.845641 0.373612
75.893283 -0.751279
75.940924 -0.735547
75.988566 -0.890799
76.036208 -0.809018
76.083849 -0.436991
76.131491 -0.976972
76.179133 -1.198591
76.226775 -1.594320
76.274416 -0.681461
76.322058 -0.758814
76.369700 -0.531419
76.417342 -1.597919
76.464983 -1.004741
76.512625 -2.018220
76.560267 -1.428632
76.607909 -1.639041
76.655550 -0.796534
76.703192 -1.411362
76.750834 -1.894282
76.798475 -2.364705
76.846117 -2.353844
76.893759 -1.914765
76.941401 -2.231420
76.989042 -2.400040
77.036684 -1.632778
77.084326 -1.930503
77.131968 -1.644713
77.179609 -2.828216
77.227251 -3.418465
77.274893 -2.249542
77.322535 -2.259387
77.370176 -2.015664
77.417818 -1.971259
77.465460 -2.077706
77.513101 -2.902826
77.560743 -2.801693
77.608385 -2.537972
77.656027 -2.991632
77.703668 -2.965522
77.751310 -2.863983
77.798952 -2.245302
77.846594 -2.536970
77.894235 -3.569613
77.941877 -3.661797
77.989519 -2.842761
78.037161 -3.889323
78.084802 -3.274482
78.132444 -4.063913
78.180086 -3.198144
78.227727 -3.729327
78.275369 -3.363124
78.323011 -2.990626
78.370653 -4.302035
78.418294 -3.173833
78.465936 -4.780952
78.513578 -4.282768
78.561220 -3.690233
78.608861 -4.694348
78.656503 -5.147429
78.704145 -4.102155
78.751787 -3.647101
78.799428 -3.991471
78.847070 -3.676389
78.894712 -4.460202
78.942354 -4.676663
78.989995 -4.766027
79.037637 -4.962318
79.085279 -4.989754
79.132920 -4.396274
79.180562 -4.375375
79.228204 -4.192044
79.275846 -5.246489
79.323487 -4.514159
79.371129 -4.558814
79.418771 -4.343260
79.466413 -3.614334
79.514054 -5.737998
79.561696 -5.183595
79.609338 -5.274299
79.656980 -5.514189
79.704621 -4.806666
79.752263 -5.012191
79.799905 -6.021642
79.847546 -5.892438
79.895188 -4.777267
79.942830 -5.951872
79.990472 -4.833772
80.038113 -5.841961
80.085755 -6.221790
80.133397 -5.685100
80.181039 -5.323732
80.228680 -6.267020
80.276322 -5.161827
80.323964 -6.148733
80.371606 -5.457800
80.419247 -5.980144
80.466889 -4.776390
80.514531 -6.269246
80.562172 -5.768736
80.609814 -6.090048
80.657456 -6.225117
80.705098 -5.733321
80.752739 -6.105185
80.800381 -6.642155
80.848023 -6.210416
80.895665 -6.642935
80.943306 -6.797523
80.990948 -6.162265
81.038590 -5.944256
81.086232 -6.740652
81.133873 -6.630534
81.181515 -6.712884
81.229157 -6.297115
81.276798 -7.116665
81.324440 -5.932683
81.372082 -7.042949
81.419724 -7.085913
81.467365 -6.449482
81.515007 -7.185672
81.562649 -7.848895
81.610291 -7.423792
81.657932 -7.068532
81.705574 -7.360151
81.753216 -7.672057
81.800858 -7.289981
81.848499 -6.339487
81.896141 -7.729314
81.943783 -7.638470
81.991424 -6.774258
82.039066 -7.701780
82.086708 -7.400623
82.134350 -7.320278
82.181991 -7.828581
82.229633 -7.784938
82.277275 -6.422743
82.324917 -6.876334
82.372558 -7.907863
82.420200 -7.133654
82.467842 -7.747146
82.515484 -7.716127
82.563125 -7.800241
82.610767 -8.029378
82.658409 -7.552202
82.706051 -8.189032
82.753692 -8.000188
82.801334 -8.031175
82.848976 -7.835339
82.896617 -8.702667
82.944259 -7.769360
82.991901 -8.826628
83.039543 -8.414423
83.087184 -8.644922
83.134826 -9.200932
83.182468 -8.156137
83.230110 -8.738431
83.277751 -8.615985
83.325393 -8.658462
83.373035 -8.463476
83.420677 -7.893382
83.468318 -8.349588
83.515960 -8.612810
83.563602 -8.750300
83.611243 -8.990115
83.658885 -9.597829
83.706527 -8.760303
83.754169 -7.564090
83.801810 -8.203708
83.849452 -8.917776
83.897094 -8.057547
83.944736 -8.825192
83.992377 -8.414745
84.040019 -9.572655
84.087661 -8.416758
84.135303 -9.378678
84.182944 -8.830374
84.230586 -9.063165
84.278228 -7.893723
84.325869 -9.857719
84.373511 -9.472978
84.421153 -9.312484
84.468795 -9.377759
84.516436 -9.489228
84.564078 -8.509400
84.611720 -8.689517
84.659362 -9.230088
84.707003 -9.268838
84.754645 -9.581831
84.802287 -9.148104
84.849929 -9.481024
84.897570 -9.582164
84.945212 -9.651980
84.992854 -9.433400
85.040495 -9.294736
85.088137 -9.406177
85.135779 -10.406972
85.183421 -9.796304
85.231062 -9.188510
85.278704 -10.122988
85.326346 -8.977795
85.373988 -9.306364
85.421629 -8.159641
85.469271 -10.040247
85.516913 -9.510588
85.564555 -9.370047
85.612196 -10.146546
85.659838 -10.555690
85.707480 -9.334135
85.755121 -10.010027
85.802763 -9.722587
85.850405 -8.963556
85.898047 -9.208035
85.945688 -9.549829
85.993330 -9.949281
86.040972 -9.596816
86.088614 -9.988546
86.136255 -10.596136
86.183897 -9.964098
86.231539 -9.816445
86.279181 -8.760625
86.326822 -9.924413
86.374464 -9.647827
86.422106 -9.714743
86.469747 -9.219014
86.517389 -10.419578
86.565031 -9.635079
86.612673 -9.306563
86.660314 -10.497574
86.707956 -10.526584
86.755598 -9.424023
86.803240 -8.828327
86.850881 -10.773756
86.898523 -9.074988
86.946165 -9.448476
86.993807 -10.427040
87.041448 -10.486983
87.089090 -10.815644
87.136732 -10.516149
87.184374 -10.646865
87.232015 -9.909824
87.279657 -10.061536
87.327299 -10.208389
87.374940 -9.414234
87.422582 -9.966581
87.470224 -9.911541
87.517866 -10.329783
87.565507 -9.972623
87.613149 -9.628897
87.660791 -10.239491
87.708433 -10.213361
87.756074 -9.520358
87.803716 -9.959068
87.851358 -9.355732
87.899000 -9.960038
87.946641 -9.903508
87.994283 -9.829119
88.041925 -8.943135
88.089566 -10.357556
88.137208 -10.658177
88.184850 -9.368939
88.232492 -10.852939
88.280133 -9.275445
88.327775 -9.551083
88.375417 -9.795535
88.423059 -10.337428
88.470700 -9.383559
88.518342 -10.332000
88.565984 -9.961052
88.613626 -9.990558
88.661267 -9.182738
88.708909 -9.540513
88.756551 -8.936166
88.804192 -10.375099
88.851834 -10.385675
88.899476 -9.959900
88.947118 -10.414392
88.994759 -10.113766
89.042401 -9.977385
89.090043 -10.089563
89.137685 -9.601810
89.185326 -10.079809
89.232968 -9.508108
89.280610 -9.940786
89.328252 -9.789084
89.375893 -10.579504
89.423535 -10.557682
89.471177 -8.643404
89.518818 -10.616925
89.566460 -9.763889
89.614102 -9.660252
89.661744 -9.648391
89.709385 -9.366914
89.757027 -9.328614
89.804669 -9.993346
89.852311 -9.630632
89.899952 -10.361521
89.947594 -9.789909
89.995236 -9.443368
90.042878 -9.948542
90.090519 -9.769521
90.138161 -8.841126
90.185803 -9.843935
90.233444 -9.581629
90.281086 -9.055588
90.328728 -10.386503
90.376370 -10.061017
90.424011 -9.640989
90.471653 -8.642586
90.519295 -9.702742
90.566937 -10.792758
90.614578 -10.339126
90.662220 -10.276773
90.709862 -9.690887
90.757504 -8.612014
90.805145 -8.886240
90.852787 -8.967723
90.900429 -9.141643
90.948071 -9.410105
90.995712 -8.802049
91.043354 -9.203561
91.090996 -9.260556
91.138637 -9.760723
91.186279 -8.432794
91.233921 -9.214843
91.281563 -9.569181
91.329204 -9.516717
91.376846 -8.313728
91.424488 -8.693804
91.472130 -8.937322
91.519771 -9.761778
91.567413 -9.614464
91.615055 -8.810064
91.662697 -9.752324
91.710338 -8.243891
91.757980 -8.572299
91.805622 -8.508167
91.853263 -8.887417
91.900905 -9.144683
91.948547 -9.783501
91.996189 -8.523891
92.043830 -8.994392
92.091472 -8.584341
92.139114 -9.090575
92.186756 -9.346355
92.234397 -8.777662
92.282039 -8.166851
92.329681 -8.492596
92.377323 -8.279837
92.424964 -8.923752
92.472606 -8.488481
92.520248 -8.593136
92.567889 -8.222636
92.615531 -7.611277
92.663173 -8.720703
92.710815 -8.558534
92.758456 -7.518532
92.806098 -8.980553
92.853740 -8.442895
92.901382 -9.392189
92.949023 -8.975348
92.996665 -7.461977
93.044307 -8.032463
93.091949 -7.931612
93.139590 -8.000553
93.187232 -8.222042
93.234874 -8.714590
93.282515 -7.901473
93.330157 -7.103840
93.377799 -8.220696
93.425441 -7.767877
93.473082 -7.798599
93.520724 -8.271664
93.568366 -6.900598
93.616008 -7.782984
93.663649 -6.316386
93.711291 -8.242709
93.758933 -7.599143
93.806575 -7.292776
93.854216 -7.545221
93.901858 -7.818663
93.949500 -7.328989
93.997141 -7.608852
94.044783 -7.386608
94.092425 -7.884139
94.140067 -6.283050
94.187708 -6.918892
94.235350 -6.418288
94.282992 -6.813182
94.330634 -7.123154
94.378275 -7.519257
94.425917 -6.762354
94.473559 -5.941969
94.521201 -6.221514
94.568842 -6.237514
94.616484 -6.517893
94.664126 -7.119172
94.711768 -6.042784
94.759409 -7.095135
94.807051 -6.614631
94.854693 -7.180191
94.902334 -6.592630
94.949976 -6.574365
94.997618 -5.376056
95.045260 -6.162767
95.092901 -6.141070
95.140543 -6.879900
95.188185 -5.823712
95.235827 -5.641758
95.283468 -5.637450
95.331110 -5.688849
95.378752 -6.487588
95.426394 -5.840322
95.474035 -6.938790
95.521677 -5.422714
95.569319 -5.675200
95.616960 -5.476852
95.664602 -5.453309
95.712244 -5.576208
95.759886 -6.145006
95.807527 -5.671214
95.855169 -6.209800
95.902811 -5.651323
95.950453 -5.492421
95.998094 -5.518176
96.045736 -5.550713
96.093378 -4.902808
96.141020 -4.972908
96.188661 -5.337381
96.236303 -5.636769
96.283945 -4.744779
96.331586 -5.198713
96.379228 -5.006240
96.426870 -5.314588
96.474512 -4.962064
96.522153 -3.873727
96.569795 -4.478743
96.617437 -4.749942
96.665079 -5.251115
96.712720 -3.950098
96.760362 -5.210161
96.808004 -4.532665
96.855646 -3.941785
96.903287 -4.420560
96.950929 -4.030200
96.998571 -4.766710
97.046212 -4.668643
97.093854 -4.318135
97.141496 -3.548500
97.189138 -4.401343
97.236779 -3.642538
97.284421 -3.486536
97.332063 -3.945657
97.379705 -3.691737
97.427346 -3.423023
97.474988 -3.801217
97.522630 -2.833699
97.570272 -3.588784
97.617913 -4.174212
97.665555 -3.607539
97.713197 -3.694860
97.760838 -3.202645
97.808480 -3.299072
97.856122 -2.965102
97.903764 -3.097327
97.951405 -2.419928
97.999047 -2.704590
98.046689 -2.511975
98.094331 -2.856964
98.141972 -2.591462
98.189614 -2.944515
98.237256 -3.147240
98.284898 -2.382312
98.332539 -2.598366
98.380181 -3.749723
98.427823 -1.933071
98.475465 -2.553548
98.523106 -2.500297
98.570748 -1.778242
98.618390 -2.170388
98.666031 -2.685236
98.713673 -1.787303
98.761315 -2.067178
98.808957 -2.484137
98.856598 -1.933659
98.904240 -2.325139
98.951882 -1.568158
98.999524 -1.530894
99.047165 -2.319094
99.094807 -1.970945
99.142449 -1.658146
99.190091 -1.722978
99.237732 -1.645670
99.285374 -1.039805
99.333016 -1.263463
99.380657 -0.753557
99.428299 -0.982996
99.475941 -0.543061
99.523583 -0.836141
99.571224 -2.104266
99.618866 -2.096874
99.666508 -1.325091
99.714150 -1.909649
99.761791 -1.647912
99.809433 -1.611089
99.857075 -1.036234
99.904717 -1.696018
99.952358 -1.193847
100.000000 -0.127591
21.649975 60.063883
69.710958 46.915267
76.509571 99.364044
7.868757 33.867126
14.765921 6.154515
54.113441 1.808417
16.715889 39.860806
78.840045 29.974699
84.706643 14.504197
6.462890 15.538403
62.628936 97.631014
96.943367 17.340130
41.635289 75.334667
44.059151 32.069817
57.562864 4.070216
78.584586 23.417945
44.616425 96.348569
70.904808 95.351410
3.312486 31.364623
37.057303 95.814877
34.676377 89.915113
68.486760 58.036197
38.190499 45.504771
9.466229 78.377293
43.490518 65.675818
78.801962 14.745069
77.112854 62.325549
38.814022 69.059251
38.375815 62.352629
51.195492 49.455260
95.314733 87.119435
10.842003 2.018541
20.878679 63.964099
8.928163 45.911513
86.337011 79.436400
44.360932 69.964928
5.571720 37.406419
98.006672 48.182945
21.498038 91.677297
62.940504 85.597499
46.537864 80.163474
28.839421 0.824735
66.801420 37.942541
71.243136 14.455936
12.915006 13.754631
9.886488 46.868092
30.408522 35.524444
72.670428 18.979250
17.646801 34.424847
46.157989 28.456835
47.229414 73.763167
7.393361 17.763642
15.653770 65.976275
8.905332 53.254661
41.962773 34.994326
46.038237 38.644149
85.617612 68.851840
93.591811 74.327432
56.515440 7.171817
15.877775 38.985243
5.717236 19.578905
77.164464 94.843435
11.641759 48.636536
17.369091 91.104040
0.269548 79.513351
71.703782 49.911133
17.155626 98.121807
81.871368 50.050618
12.419758 18.169660
64.963934 58.167977
59.156781 87.672675
31.692962 7.015424
43.333738 93.685670
69.672571 45.844467
0.080944 42.734652
60.362192 93.675506
17.619435 91.899657
32.409289 89.309407
37.566084 98.795907
76.654513 3.606083
73.857947 71.207853
98.840474 55.024260
95.090863 67.478030
57.900187 56.942845
99.824990 17.576552
39.556079 9.339917
97.906009 18.416165
41.614124 82.895218
67.003487 67.111775
89.135909 11.372135
27.789352 71.285718
71.920778 92.718841
52.078367 89.677942
55.871135 24.954998
91.594442 80.340954
62.686117 64.161601
46.472011 55.878410
96.388481 0.085076
7.163835 19.757567
97.471410 64.699706
71.093629 5.074433
94.281715 27.512021
6.807900 7.859975
45.338298 43.119739
43.237473 20.431549
90.201469 28.615768
40.410343 92.649042
35.295716 44.445283
17.011416 79.904252
51.840781 29.176439
50.317235 52.131801
30.442861 94.198568
90.578508 6.594397
50.634137 20.932566
78.968305 25.748683
81.980015 46.748674
33.178934 54.771824
72.214188 72.869685
24.765181 71.975415
75.193568 92.564349
80.948098 34.706287
33.636136 55.962508
67.081449 27.614313
49.759179 89.930047
83.600785 65.461486
49.842470 51.858259
3.982992 84.845590
65.590015 40.779478
70.294313 24.027415
10.300143 14.302701
84.924933 91.599263
51.710694 30.262165
51.554333 78.562786
30.749741 80.003666
63.667376 19.837919
85.504579 30.828922
11.021499 56.429846
84.585560 49.674946
51.928381 51.712279
46.817804 89.893579
81.069970 20.648754
11.114106 35.474662
17.324136 62.586599
43.383471 70.713061
22.316734 95.917122
82.940557 72.597018
11.492534 79.845122
92.617287 79.010644
67.770593 9.187548
62.661061 75.302511
69.769146 39.765703
77.829219 81.506081
76.032524 98.286549
90.438579 99.936965
45.160185 79.071764
76.833706 24.828208
13.457069 87.979537
97.818636 37.006754
48.548996 25.190785
87.666618 72.923153
94.100824 62.417179
25.850624 29.532241
97.425289 87.701068
91.349785 27.824530
24.705452 43.827150
58.778480 91.606249
18.429956 13.828608
39.389018 15.182787
6.021763 76.263860
13.729585 14.984298
33.104102 53.680824
6.216888 69.819979
79.274007 33.465099
34.489786 39.588272
85.392536 87.469799
66.448516 66.368176
78.740317 86.068806
94.655631 99.575084
51.703872 24.694778
70.098041 36.460996
40.170529 60.245814
63.373254 39.027430
66.625991 54.998462
99.733484 36.639258
39.413414 1.245160
13.015377 69.942937
21.534341 67.552263
46.644275 26.973730
24.301037 18.903340
59.651827 28.582592
0.247439 60.910180
63.059876 38.842705
85.543006 86.707531
75.961327 52.250273
42.054217 37.507914
81.986201 1.075452
77.738546 78.657083
83.474075 68.807405
73.434039 96.529008
34.553314 11.651139
33.740911 61.625739
56.326838 2.787095
37.617609 23.687024
17.746074 55.664314
60.113608 61.762559
57.725696 4.804135
19.433096 57.136103
67.028077 5.069837
80.566362 66.348271
22.222662 43.574994
82.476532 58.556281
31.529824 30.929410
90.040085 88.680306
97.554424 54.540285
28.879109 16.125131
31.145230 20.535505
25.090844 25.178963
55.853297 36.200289
63.895181 52.030721
67.460866 31.959420
60.269142 50.107398
77.077437 53.086027
0.340180 55.428884
34.721122 79.106704
32.277360 14.463505
95.516859 78.941621
84.654989 0.429445
47.955343 11.673545
13.280854 22.119769
67.168440 95.540584
28.528269 44.499948
67.215011 12.690971
86.530236 1.785835
17.829176 12.346709
40.073579 54.551450
44.032004 1.607526
15.834150 21.194405
66.016774 71.512141
48.587344 62.023865
79.220921 46.567964
62.823947 71.957605
72.904693 63.988769
72.072014 95.812528
58.715880 57.217278
78.909392 35.209359
78.103882 72.058569
33.590878 79.220341
55.172377 62.414389
23.142150 3.434586
74.881621 77.749073
83.202363 34.969878
3.256683 5.145101
65.004940 34.284928
50.145051 71.446907
59.763119 72.907010
38.218184 88.437007
77.126372 85.476938
95.944510 11.314317
83.870357 96.713715
30.741816 59.542940
15.053067 78.327491
31.715722 76.699036
45.436581 98.431886
57.997376 51.445903
45.884157 84.616867
26.548879 69.228789
76.892464 85.126394
94.115061 77.302283
58.489901 35.573729
25.685615 86.991996
67.225945 46.954141
5.198570 45.344004
91.321014 72.786487
85.316317 88.040044
89.742531 51.914650
17.730594 83.706226
53.611044 41.817827
77.533187 37.771897
52.114382 43.128169
31.741969 31.331264
40.480454 18.542814
43.005841 31.639443
70.989755 80.553434
27.600003 69.552577
66.232763 33.441109
40.691414 12.388265
24.273865 70.160505
40.955843 92.683629
82.434949 29.276290
5.212104 26.476850
98.450330 76.663148
89.144376 60.120060
2.383586 16.023430
88.063138 47.579870
71.299174 45.977325
59.663699 77.357478
35.387276 23.024248
58.129810 5.906905
37.065590 77.636315
13.605114 86.971808
83.839354 77.920776
87.876067 96.832696
35.670493 80.293470
65.923482 60.818072
90.624310 40.841679
15.755699 95.050606
66.562555 23.081715
14.392182 52.643477
90.545949 32.363848
0.358425 47.536526
21.232921 34.229176
54.906280 11.006381
77.824855 52.147331
24.125281 30.600567
93.947702 5.724362
31.690674 83.097991
26.891075 6.820214
93.220871 61.844203
77.428710 90.336530
0.323682 15.029366
43.524633 0.538033
81.831621 83.486852
43.311648 32.681579
78.653952 92.530546
47.357743 92.809190
93.667299 89.134802
30.887062 30.356586
2.434423 19.650651
16.497619 57.949714
58.025689 55.478287
84.985251 71.146739
70.460903 83.529474
88.575224 80.277885
38.998112 29.682046
12.474598 32.406047
77.700353 61.371886
10.737437 22.035886
0.213436 6.032384
72.214303 6.345443
90.970299 95.589973
47.170244 53.874960
35.870177 86.945898
26.742220 71.900213
51.653739 19.484711
74.571074 0.740686
58.027903 50.924845
58.377336 9.328596
33.981383 8.668963
56.423799 59.989945
45.327821 91.308395
61.285723 54.282192
63.798361 14.119694
85.353901 97.764573
39.444012 48.218658
14.095471 52.197609
3.763429 54.811406
65.973898 16.377164
35.139475 90.785151
59.119327 46.841148
60.707160 96.098646
73.946760 95.604870
39.429182 68.938636
56.505290 71.057378
69.127031 39.813008
5.545890 1.585013
78.761265 13.319776
62.483547 55.756278
6.737122 89.266649
71.683045 70.464110
51.590803 92.143973
70.220903 79.818726
6.076673 24.910016
0.598512 75.939515
2.415989 82.431642
39.751533 2.952142
75.882517 22.873996
9.285538 24.885501
13.153573 56.267299
95.789120 23.303007
54.312697 50.626571
23.421458 75.666480
34.241947 35.159620
82.448115 36.227951
36.276265 12.269344
74.235305 81.145022
19.694143 68.667845
37.637071 10.521644
48.595594 68.589694
46.994986 78.324412
37.689543 12.017382
64.409491 6.862761
1.733612 59.674461
29.816858 77.680233
97.915031 19.575041
8.393405 67.821041
19.709973 47.606472
62.361658 83.474498
83.597540 8.845691
22.685588 50.212441
22.883613 80.759409
59.647644 38.716515
18.363895 61.647135
55.375407 10.355884
22.432848 28.008712
14.342126 99.142878
85.782577 41.929012
70.596578 88.642081
24.146733 50.328547
44.573197 60.067258
49.653956 53.251524
93.576476 26.011128
47.285854 83.361604
29.901775 64.067203
68.669565 66.784445
23.977769 62.051901
80.728385 29.022640
65.769545 74.657829
12.903034 26.572703
73.130394 95.865725
66.010197 3.149999
39.163286 38.132167
16.683377 12.199019
14.239797 32.140283
35.804583 15.207699
24.558276 61.591002
31.036743 27.441053
13.525146 95.291304
60.551478 35.642571
79.418069 99.761891
4.776816 63.989117
43.699404 16.704019
42.244652 39.433804
72.305224 80.527722
78.290466 86.179707
41.294283 78.559816
27.461960 30.197609
9.067223 89.739614
71.085950 37.893745
12.953998 16.728844
39.982336 36.294829
75.960373 42.843508
7.466535 89.070171
54.812208 89.329524
74.721469 49.079776
82.735914 16.347039
41.024544 91.072281
99.646131 76.103490
95.771069 23.834792
77.430622 81.949805
52.286172 18.298083
5.343102 55.635062
9.440739 11.165894
45.167170 59.588593
94.857228 35.297559
10.589552 75.080362
89.595727 13.289723
17.681715 76.605812
48.053539 12.868430
72.115078 30.288271
58.284868 80.068822
71.097887 14.602156
91.374826 15.659649
12.114511 11.797461
82.054894 58.971590
48.493590 98.137775
92.306807 10.590566
76.979660 8.294992
72.615279 82.735301
31.329519 29.324551
45.328873 21.829002
16.376088 55.631456
52.786284 20.320859
70.069182 70.157632
36.012411 68.693571
54.040039 97.066509
65.620439 1.348266
63.798581 5.919968
36.202678 37.115142
85.223080 9.790620
62.137674 79.764374
98.818091 35.202111
9.378668 79.910610
88.447238 44.472447
57.877931 34.904502
79.675506 3.863115
68.592593 52.655279
85.693236 99.524783
89.785979 6.599540
66.007802 43.556685
52.834696 38.430735
49.435443 28.231152
64.765947 54.044443
78.122334 33.157273
15.992109 70.456714
96.513344 11.340065
82.805869 93.399473
49.215118 19.956076
59.007006 84.038437
77.148259 15.504322
90.641071 90.289072
12.661658 68.846717
73.909480 34.588822
14.203017 91.284941
89.710072 7.384965
64.443766 95.502660
80.525046 59.206417
40.483440 92.299433
77.038835 6.421383
80.366242 9.126359
94.270989 23.674088
34.139473 1.975893
47.397995 90.046823
26.681261 58.947954
31.177129 35.114089
28.906173 92.424017
92.811728 43.526036
33.592124 35.455025
86.243345 44.501748
63.510866 80.582125
61.121118 47.857497
38.080010 47.322080
97.978985 74.129685
65.734041 20.411266
8.458170 66.308434
70.919775 43.243528
7.192676 40.087456
46.511510 37.575911
75.610849 29.454289
21.455366 79.111038
18.709713 71.723524
77.638895 59.628799
79.875800 46.256967
61.366443 38.591828
59.712654 72.110048
97.325680 42.331169
48.521038 20.103387
99.122974 66.831915
64.360752 76.665466
40.823653 58.396993
16.674466 98.463946
99.106608 4.821568
37.824113 32.256430
99.510054 96.190138
15.033414 66.778537
73.843094 86.065179
84.429938 9.351171
32.793331 3.249597
27.202133 18.034093
19.523935 91.662057
24.833766 54.968496
4.071520 50.092525
29.548146 99.124020
20.884133 90.347446
33.654044 28.306701
16.880124 48.684773
80.217658 11.355014
45.852251 23.639354
99.878109 82.523886
1.030747 25.473692
83.720964 76.896392
55.532892 98.213739
24.170260 16.033888
24.011009 87.111404
52.251099 66.920058
43.519953 52.440604
78.433699 46.583600
30.750762 57.966707
10.859459 10.233468
16.080558 48.628268
53.999094 52.925964
36.862346 38.075542
29.807952 39.644920
0.093253 59.372874
45.605970 85.902281
44.574658 50.124659
22.556420 84.237805
81.692915 72.299049
56.749337 55.761957
86.854566 40.288186
51.870968 89.303698
58.685499 47.815375
50.653429 5.499044
0.428136 94.296915
43.424925 57.246834
11.305746 80.356039
56.919701 51.449868
99.192280 27.243726
14.328444 83.908573
45.738627 75.776699
87.795880 29.220302
12.441634 57.176839
66.750915 85.329581
75.717548 40.820592
50.210073 71.083153
54.030917 70.798429
38.120142 89.159872
40.366794 87.968948
52.903864 95.436337
81.231835 26.885320
19.673278 9.556424
46.089352 43.604499
11.842625 94.331460
55.576507 83.098361
23.856695 55.958828
94.532359 11.887947
52.327608 71.631226
45.584528 52.318784
22.471737 27.759675
27.836229 7.798577
29.773202 5.800754
49.029559 24.132464
9.602964 23.803268
58.727025 17.612052
82.261770 40.653980
8.297744 82.798612
64.283572 93.396482
45.636416 95.197856
31.578102 83.645688
83.305944 49.059347
93.461718 58.247488
54.695400 69.518367
66.547098 85.313569
47.071244 38.849262
93.804512 75.979725
22.980862 81.224662
16.356544 91.619117
0.457743 1.340506
89.542281 29.246111
4.633091 57.710677
34.725407 8.676536
4.625609 8.396323
31.719249 6.752028
2.335119 48.034159
92.744349 14.032601
36.742694 51.273156
88.879917 63.637041
5.129440 33.382978
39.497150 80.454556
89.855854 53.796716
58.269259 44.945828
13.912235 50.087734
70.397318 45.905838
66.821777 88.772501
24.025671 33.775980
60.454520 4.547840
2.006880 51.962682
15.587572 14.276912
85.545344 39.683321
42.063873 68.390251
99.125391 20.715074
79.337076 76.901092
18.040437 80.253736
91.667213 20.745345
1.713295 48.709130
83.473744 40.892076
70.225213 36.872319
93.235725 32.947572
74.010727 98.053165
75.267868 69.754592
99.579804 2.045904
19.146172 57.605448
11.757648 63.165298
30.385657 53.528692
14.255590 66.514233
66.406000 53.462762
16.926060 0.846962
85.538973 44.827312
56.892245 90.083410
74.927150 34.454841
3.490682 29.862529
36.306960 8.986109
85.018613 61.037840
42.378277 33.366647
93.755562 45.164812
86.179391 77.152039
30.021341 41.386308
56.666384 58.214789
95.923429 90.839892
63.064855 60.899057
41.132665 10.803768
23.261193 83.052228
39.820193 90.798256
80.557885 53.402716
0.784877 8.838455
7.467676 78.730949
70.542591 78.359689
11.872944 23.628410
99.459478 89.820229
54.570027 44.366923
17.769195 22.517682
84.886589 12.799620
90.379778 94.319701
27.991096 0.989827
54.345723 42.532767
53.420547 21.297500
70.077634 85.886171
45.658185 24.653306
95.836365 65.684938
44.680521 98.275546
86.315169 73.414383
8.134928 69.031771
0.540608 74.396375
22.475934 14.862551
12.275810 93.591579
43.416163 84.855785
74.713710 53.281330
39.274122 77.576722
64.033892 2.101214
72.671210 32.020472
48.265682 59.699185
42.495265 73.508168
44.773939 93.387910
39.032491 83.558004
14.376054 53.665278
42.500804 9.982741
1.786133 18.678961
91.683606 94.149788
43.726616 15.560688
97.442797 42.233468
11.996630 85.685628
3.404507 20.092089
95.747805 49.519137
51.204898 18.512198
16.000231 24.820078
28.204307 97.220661
22.246609 49.653098
84.610391 83.376445
81.245425 96.435987
59.909971 68.387841
34.849335 39.559430
25.344909 18.697507
66.008158 49.964161
66.124560 43.501797
98.350055 88.636220
67.845210 56.225860
20.862701 54.176453
81.346403 14.711043
81.247569 18.563613
76.271270 34.550751
57.256219 47.947972
64.530586 3.578472
26.072417 69.965085
0.894529 19.678728
67.865591 68.025903
78.272025 51.358240
41.197952 16.353824
10.873556 55.184884
90.768071 15.014947
85.764735 77.278462
26.510365 29.091451
66.289099 94.874650
81.512397 67.966386
0.670619 53.646595
42.631849 52.858029
77.932038 57.867235
23.887455 93.692255
16.016167 32.736233
49.066519 5.206463
0.614006 65.824744
21.533015 6.037205
87.647673 18.338853
6.272787 64.139373
77.317548 44.510238
75.021138 98.803602
9.302891 43.007279
20.625362 58.725588
65.783150 54.262356
95.778291 55.659762
52.418818 13.078921
92.855956 84.005716
73.158346 39.800496
86.102570 77.046123
73.810791 99.843404
78.656108 55.017607
25.969353 45.528767
1.070057 66.259447
10.933375 51.033369
92.193849 29.921243
57.088202 2.377644
52.653882 84.471561
47.988608 1.892342
17.711799 93.375473
66.746263 10.129467
45.885697 39.009195
89.283320 88.427055
26.339218 9.946265
90.639789 55.276472
13.908489 16.419144
91.334082 37.344707
29.489572 14.404285
96.554481 61.978708
73.646303 27.980499
21.927971 25.516392
46.119696 15.752185
92.366812 72.279854
17.904886 34.280513
19.535453 36.340361
16.787392 61.480118
62.845221 64.569500
85.339130 63.838752
89.187914 91.485805
11.116901 59.217192
19.472377 14.587324
26.886899 11.252208
64.867142 94.390091
98.663709 4.354968
68.091023 22.915676
77.495038 12.193491
78.829549 57.086520
3.397672 4.183801
83.001385 38.196642
16.492130 35.362620
41.720419 70.498831
78.201745 79.241025
98.286279 83.481469
0.896003 94.984094
71.184644 17.684039
15.096105 74.931774
81.586226 10.326016
28.626255 50.394347
88.232024 87.971908
87.729964 99.380039
7.469626 96.999572
16.086690 34.382708
75.567380 98.739552
71.597641 94.093361
34.495019 84.928197
41.305045 46.324447
68.940890 75.537078
52.232187 34.107498
24.162648 18.252756
41.200200 15.927495
10.716293 24.808455
26.555860 67.488278
96.276143 92.540081
36.157479 97.000666
87.615751 43.639407
95.268251 75.231752
69.498288 30.845718
92.999045 20.987335
75.822502 14.825235
66.361969 51.466552
38.685643 69.636390
82.119663 2.941278
67.683467 65.449982
69.310695 44.093356
67.748490 57.637030
54.216830 78.995614
54.704033 41.911331
4.566038 48.367017
73.963904 22.427744
31.445361 3.624636
26.529756 63.003135
80.310395 53.411850
64.080169 76.434972
43.594431 99.074530
85.487327 83.510037
78.280973 67.973344
88.803162 20.480321
59.494709 75.190319
44.506047 27.043017
79.736746 26.697406
13.798855 47.238870
85.464629 43.823486
12.724150 92.168911
95.319984 15.298485
54.550279 65.282065
16.077532 27.924353
66.462486 65.699851
48.519462 9.366562
23.327327 95.372911
23.218422 91.853421
36.706622 21.919908
79.262600 53.321379
36.860313 64.428337
68.348050 90.420631
50.033597 51.863870
0.503661 23.977771
70.667145 85.926475
47.866269 44.486976
90.994174 23.193519
38.591245 59.171605
16.991673 96.453402
89.010750 30.047881
35.151346 66.113097
76.546886 2.866443
75.547347 4.500697
72.254621 99.730962
53.907604 77.772434
96.680492 97.701497
52.818182 2.274420
80.197241 48.328997
91.530307 90.000877
30.801511 59.957974
63.096694 98.503266
12.227124 46.486223
21.813123 36.248125
60.470928 45.089660
84.885192 41.505290
39.372618 34.853783
