500
0.000000 -0.456771
0.286533 1.018105
0.573066 0.915055
0.859599 1.530472
1.146132 2.375360
1.432665 2.471082
1.719198 1.628003
2.005731 2.971682
2.292264 3.086363
2.578797 2.846442
2.865330 3.422134
3.151862 4.174307
3.438395 4.075728
3.724928 4.448054
4.011461 4.668826
4.297994 5.180212
4.584527 5.136193
4.871060 5.932082
5.157593 6.185979
5.444126 6.777383
5.730659 6.293902
6.017192 7.952363
6.303725 6.817973
6.590258 7.356074
6.876791 8.064848
7.163324 7.365585
7.449857 8.753089
7.736390 8.095092
8.022923 9.184439
8.309456 9.107356
8.595989 8.165878
8.882521 9.425034
9.169054 9.080271
9.455587 9.105764
9.742120 8.614059
10.028653 10.185544
10.315186 10.466772
10.601719 9.596488
10.888252 9.929108
11.174785 10.470313
11.461318 9.838724
11.747851 9.153055
12.034384 9.638873
12.320917 9.698681
12.607450 10.761453
12.893983 10.199580
13.180516 10.942236
13.467049 9.764118
13.753582 10.019944
14.040115 10.189619
14.326648 8.567174
14.613181 9.752429
14.899713 9.333832
15.186246 9.629086
15.472779 10.320807
15.759312 8.212869
16.045845 9.197203
16.332378 9.053784
16.618911 8.265262
16.905444 8.928227
17.191977 8.249473
17.478510 8.080865
17.765043 7.161534
18.051576 7.280129
18.338109 7.997073
18.624642 6.896866
18.911175 8.283515
19.197708 6.882285
19.484241 6.854029
19.770774 5.990607
20.057307 7.121069
20.343840 5.708666
20.630372 6.060328
20.916905 5.215999
21.203438 4.445234
21.489971 3.791723
21.776504 4.570942
22.063037 3.342191
22.349570 2.643300
22.636103 3.027598
22.922636 2.870231
23.209169 3.133230
23.495702 1.799156
23.782235 2.729138
24.068768 1.304449
24.355301 0.739971
24.641834 0.559248
24.928367 0.641877
25.214900 0.445754
25.501433 -0.541055
25.787966 -1.291078
26.074499 -1.134941
26.361032 -0.784269
26.647564 -1.908703
26.934097 -1.956227
27.220630 -2.457775
27.507163 -3.045909
27.793696 -3.087460
28.080229 -3.727844
28.366762 -3.197341
28.653295 -4.803433
28.939828 -4.063456
29.226361 -5.195044
29.512894 -5.353692
29.799427 -5.936913
30.085960 -5.486761
30.372493 -6.647919
30.659026 -6.549809
30.945559 -5.587854
31.232092 -7.111321
31.518625 -7.543227
31.805158 -7.970754
32.091691 -8.132810
32.378223 -8.188718
32.664756 -7.454705
32.951289 -8.158791
33.237822 -8.438127
33.524355 -8.704717
33.810888 -9.502809
34.097421 -9.010664
34.383954 -8.766527
34.670487 -10.155593
34.957020 -9.345704
35.243553 -9.252561
35.530086 -10.220563
35.816619 -9.683396
36.103152 -9.136326
36.389685 -9.995212
36.676218 -10.416610
36.962751 -10.288636
37.249284 -9.761589
37.535817 -10.059170
37.822350 -9.729029
38.108883 -9.758332
38.395415 -10.312873
38.681948 -10.907681
38.968481 -9.198165
39.255014 -10.233305
39.541547 -10.217630
39.828080 -9.086845
40.114613 -9.113202
40.401146 -9.421925
40.687679 -10.077069
40.974212 -8.034316
41.260745 -8.729553
41.547278 -8.716310
41.833811 -8.495435
42.120344 -8.314531
42.406877 -8.505479
42.693410 -8.769538
42.979943 -8.944727
43.266476 -7.460290
43.553009 -7.296600
43.839542 -8.217975
44.126074 -6.722390
44.412607 -7.057809
44.699140 -6.363769
44.985673 -6.600320
45.272206 -5.834756
45.558739 -5.357955
45.845272 -5.240029
46.131805 -3.816385
46.418338 -4.710674
46.704871 -4.230134
46.991404 -4.309055
47.277937 -3.923399
47.564470 -2.367385
47.851003 -3.118215
48.137536 -2.202134
48.424069 -1.761529
48.710602 -2.801796
48.997135 -1.490613
49.283668 -0.947316
49.570201 -0.713458
49.856734 -0.624480
50.143266 -0.285228
50.429799 -0.106949
50.716332 0.958166
51.002865 0.509447
51.289398 1.370671
51.575931 1.002474
51.862464 1.544264
52.148997 2.581939
52.435530 2.512758
52.722063 3.057895
53.008596 3.987815
53.295129 3.851653
53.581662 4.326558
53.868195 4.345137
54.154728 4.568364
54.441261 5.288455
54.727794 6.079397
55.014327 5.423834
55.300860 5.889537
55.587393 6.291803
55.873926 6.427878
56.160458 6.921128
56.446991 7.258658
56.733524 6.698481
57.020057 7.759517
57.306590 7.161630
57.593123 8.485569
57.879656 8.299760
58.166189 8.908349
58.452722 8.219323
58.739255 8.230633
59.025788 8.528299
59.312321 9.622023
59.598854 8.841029
59.885387 9.068472
60.171920 8.811101
60.458453 10.185071
60.744986 9.915903
61.031519 9.341913
61.318052 9.511545
61.604585 10.170205
61.891117 10.723398
62.177650 10.151913
62.464183 10.782529
62.750716 10.611016
63.037249 10.766692
63.323782 10.577911
63.610315 10.727594
63.896848 8.954228
64.183381 9.641376
64.469914 9.577301
64.756447 10.373231
65.042980 9.680334
65.329513 9.549056
65.616046 9.460445
65.902579 9.313789
66.189112 10.366449
66.475645 8.924387
66.762178 9.150082
67.048711 8.437094
67.335244 7.849017
67.621777 7.882366
67.908309 7.410426
68.194842 8.033196
68.481375 7.428460
68.767908 7.349289
69.054441 7.370963
69.340974 6.298552
69.627507 6.735824
69.914040 6.156500
70.200573 5.583958
70.487106 5.046225
70.773639 6.169031
71.060172 5.785219
71.346705 5.241363
71.633238 4.368015
71.919771 4.324812
72.206304 4.149452
72.492837 4.507358
72.779370 2.903307
73.065903 3.004926
73.352436 2.830476
73.638968 1.855520
73.925501 1.325633
74.212034 2.150859
74.498567 0.762101
74.785100 0.283176
75.071633 0.031744
75.358166 -0.069561
75.644699 0.659867
75.931232 0.074705
76.217765 -1.090855
76.504298 -0.947992
76.790831 -1.864892
77.077364 -2.416594
77.363897 -3.088035
77.650430 -2.602515
77.936963 -3.495782
78.223496 -3.308616
78.510029 -3.933360
78.796562 -3.891753
79.083095 -4.188719
79.369628 -4.207227
79.656160 -4.926779
79.942693 -5.918288
80.229226 -5.301264
80.515759 -6.875125
80.802292 -6.511858
81.088825 -5.773721
81.375358 -7.096048
81.661891 -6.867019
81.948424 -8.020677
82.234957 -7.592963
82.521490 -7.604341
82.808023 -7.640265
83.094556 -8.941232
83.381089 -8.864338
83.667622 -8.840383
83.954155 -8.542123
84.240688 -9.058342
84.527221 -8.795111
84.813754 -9.098789
85.100287 -9.416506
85.386819 -9.006204
85.673352 -9.417102
85.959885 -10.011999
86.246418 -10.023813
86.532951 -10.177468
86.819484 -9.689047
87.106017 -10.341970
87.392550 -9.568185
87.679083 -9.842323
87.965616 -9.781021
88.252149 -10.459625
88.538682 -10.391046
88.825215 -9.599101
89.111748 -10.296588
89.398281 -10.205215
89.684814 -9.171701
89.971347 -9.064789
90.257880 -9.753249
90.544413 -9.367837
90.830946 -9.355691
91.117479 -9.136921
91.404011 -9.243380
91.690544 -8.530750
91.977077 -9.377673
92.263610 -9.385968
92.550143 -8.131042
92.836676 -8.212915
93.123209 -8.169624
93.409742 -7.824389
93.696275 -7.941696
93.982808 -6.931775
94.269341 -8.120749
94.555874 -6.685856
94.842407 -5.422387
95.128940 -5.216684
95.415473 -6.187139
95.702006 -5.391028
95.988539 -4.356692
96.275072 -5.555565
96.561605 -5.374478
96.848138 -4.769415
97.134670 -4.157592
97.421203 -3.756984
97.707736 -2.790988
97.994269 -3.128823
98.280802 -3.601067
98.567335 -2.634783
98.853868 -1.762964
99.140401 -1.826405
99.426934 -1.489476
99.713467 -0.536897
100.000000 -0.361492
30.120028 20.625918
23.017331 24.303462
30.191135 83.165106
66.292100 81.888665
80.718361 67.713289
84.832873 46.348472
58.380412 42.273498
1.966086 17.436390
34.956434 11.180540
36.842732 99.986913
81.521566 23.511478
8.391218 25.147410
84.388477 11.264969
85.067244 13.604266
63.944435 86.313250
73.189907 55.073236
80.227175 0.666952
2.656348 32.114891
97.438937 3.676426
81.872622 92.769248
29.948850 28.714964
5.579473 41.481043
17.289557 38.705251
81.572602 25.184304
84.105379 1.267274
21.824869 49.541010
46.236899 39.808360
2.859258 2.774547
86.217481 40.911784
73.454405 46.247513
44.257280 38.226632
38.352640 66.362801
45.537675 13.966082
20.492403 19.817875
71.244156 21.376814
3.803228 73.986604
25.061974 78.640243
75.250148 52.021793
11.854810 33.714309
15.614417 52.374282
80.409786 23.382673
52.023975 11.725952
21.493722 29.091290
34.256799 55.390646
79.632000 76.257867
87.286216 62.723930
98.358814 50.324623
70.681109 52.112366
61.756456 80.076437
67.840804 74.005850
76.999148 66.498178
90.737848 31.594115
60.764491 88.390341
73.493029 87.417108
65.056372 51.531990
71.691667 97.445210
95.397100 45.267768
20.814140 71.289195
68.627178 90.227660
28.008331 89.260588
98.507213 60.943626
67.405914 58.912395
55.044197 30.054457
23.587972 30.496913
85.457404 69.356190
28.342511 74.758505
82.342816 28.769920
11.770672 57.656501
14.950120 24.915065
16.293135 3.202305
37.491311 17.839830
8.516919 63.353485
37.694067 24.373847
10.350423 47.119703
49.341890 39.341307
29.187689 75.398326
12.057103 41.142598
32.257184 53.350952
26.615137 18.792039
22.379444 6.210261
79.167945 92.487317
35.632314 34.760642
24.508014 98.937884
36.258135 37.041276
77.276667 86.033690
5.934726 81.628994
45.491517 30.892967
84.344300 33.577247
70.196760 96.366700
53.711755 64.093266
74.026638 38.964998
30.508446 52.887059
96.807898 50.335631
5.857292 97.649962
80.005854 74.444164
68.781860 34.352829
14.256743 44.157904
21.573070 72.387922
34.176259 12.976772
42.707623 17.144707
71.609863 18.677008
46.311933 13.230572
12.167445 83.123665
16.677346 8.726630
72.083605 45.276953
48.500483 27.682118
58.212451 99.206174
24.819601 59.230291
61.271135 16.190431
81.053530 11.583125
91.052422 93.767062
91.270511 78.586300
42.325495 88.563595
20.616655 29.372714
10.131311 81.079018
45.476873 54.287150
31.911878 61.336662
43.337384 5.168649
32.577506 11.896905
4.709746 9.092003
91.900941 48.227573
84.506167 86.440686
22.789867 1.545656
71.154940 83.075408
21.761272 29.674416
3.399344 83.783643
10.802660 4.889394
2.107690 79.889408
81.740590 1.900146
39.011979 68.801913
84.261766 38.077081
35.199175 12.127512
33.010542 30.382197
66.463540 93.713118
42.805074 66.307408
13.594917 45.743761
55.233968 76.558749
41.409316 56.246126
52.804225 6.762226
99.388033 25.951320
54.755592 37.767534
84.217866 86.260746
10.093844 45.540930
88.283448 27.961789
30.379611 92.018140
28.075555 29.741850
35.770240 50.536825
3.923757 0.865818
58.610677 14.242351
41.089538 54.289153
