1000
0.000000 0.007256
0.143062 0.097816
0.286123 0.368859
0.429185 0.672441
0.572246 0.740825
0.715308 1.292598
0.858369 1.074869
1.001431 0.993945
1.144492 2.279923
1.287554 0.787314
1.430615 1.764028
1.573677 2.081567
1.716738 1.960979
1.859800 2.491992
2.002861 2.980587
2.145923 2.045808
2.288984 2.797262
2.432046 2.954025
2.575107 2.146751
2.718169 3.506123
2.861230 2.414529
3.004292 4.493175
3.147353 3.511024
3.290415 3.890665
3.433476 3.205437
3.576538 4.372972
3.719599 3.874209
3.862661 5.315768
4.005722 4.730805
4.148784 4.219618
4.291845 5.349287
4.434907 4.061937
4.577969 5.648496
4.721030 4.918612
4.864092 6.020673
5.007153 6.384976
5.150215 6.359945
5.293276 5.718804
5.436338 6.643261
5.579399 7.001430
5.722461 6.040184
5.865522 6.679004
6.008584 7.299061
6.151645 7.530160
6.294707 7.452639
6.437768 7.338963
6.580830 7.246074
6.723891 7.500721
6.866953 8.174487
7.010014 8.188648
7.153076 8.148691
7.296137 7.964265
7.439199 7.685303
7.582260 7.880010
7.725322 7.799653
7.868383 8.404952
8.011445 8.481190
8.154506 8.101031
8.297568 8.831130
8.440629 8.689310
8.583691 6.970456
8.726753 8.821898
8.869814 8.880504
9.012876 8.701901
9.155937 9.041314
9.298999 9.075667
9.442060 8.916217
9.585122 9.480596
9.728183 9.398996
9.871245 8.956674
10.014306 10.013633
10.157368 9.553797
10.300429 10.143335
10.443491 9.865637
10.586552 9.063538
10.729614 9.742984
10.872675 9.720438
11.015737 10.222055
11.158798 10.726958
11.301860 9.440261
11.444921 10.162315
11.587983 9.666948
11.731044 9.689452
11.874106 9.382785
12.017167 9.266863
12.160229 10.353391
12.303290 9.130508
12.446352 9.376820
12.589413 10.775709
12.732475 10.530420
12.875536 10.688508
13.018598 10.301093
13.161660 9.623784
13.304721 9.801740
13.447783 9.604823
13.590844 10.524138
13.733906 10.198345
13.876967 9.190854
14.020029 9.765068
14.163090 10.169887
14.306152 10.629863
14.449213 10.430776
14.592275 10.222091
14.735336 9.308538
14.878398 9.456733
15.021459 9.003890
15.164521 9.504403
15.307582 9.429723
15.450644 9.350527
15.593705 8.948150
15.736767 8.578633
15.879828 8.495581
16.022890 9.326156
16.165951 8.961711
16.309013 8.781995
16.452074 8.830721
16.595136 8.374142
16.738197 8.671274
16.881259 8.744729
17.024320 8.785803
17.167382 8.081382
17.310443 8.025157
17.453505 8.319801
17.596567 7.518384
17.739628 7.868160
17.882690 7.735859
18.025751 8.061876
18.168813 7.368883
18.311874 7.864574
18.454936 7.619939
18.597997 7.199905
18.741059 7.243005
18.884120 7.646459
19.027182 6.744383
19.170243 6.918129
19.313305 6.149447
19.456366 6.633397
19.599428 6.439372
19.742489 5.353780
19.885551 6.103330
20.028612 5.681643
20.171674 5.866000
20.314735 5.680831
20.457797 5.210701
20.600858 6.611421
20.743920 5.519490
20.886981 5.411107
21.030043 4.861895
21.173104 5.223837
21.316166 5.164069
21.459227 4.302284
21.602289 4.496417
21.745351 4.294370
21.888412 4.572556
22.031474 3.777985
22.174535 3.739308
22.317597 3.342855
22.460658 3.518550
22.603720 2.547569
22.746781 2.701591
22.889843 2.321013
23.032904 1.813206
23.175966 2.863732
23.319027 1.983929
23.462089 1.920394
23.605150 2.298544
23.748212 2.722858
23.891273 1.236679
24.034335 0.451924
24.177396 2.073554
24.320458 1.053605
24.463519 0.305741
24.606581 1.198308
24.749642 0.012209
24.892704 0.197010
25.035765 0.235441
25.178827 -0.152989
25.321888 0.083674
25.464950 -0.475720
25.608011 -1.564716
25.751073 -0.136864
25.894134 -0.820348
26.037196 -0.521648
26.180258 -0.666280
26.323319 -1.270346
26.466381 -1.685440
26.609442 -2.268021
26.752504 -1.241002
26.895565 -2.936107
27.038627 -2.356193
27.181688 -2.562815
27.324750 -2.337626
27.467811 -1.947441
27.610873 -2.641845
27.753934 -2.892715
27.896996 -3.591328
28.040057 -2.936881
28.183119 -3.840575
28.326180 -3.918520
28.469242 -4.782320
28.612303 -3.953799
28.755365 -4.823901
28.898426 -4.775027
29.041488 -3.953026
29.184549 -4.353959
29.327611 -5.339519
29.470672 -6.064027
29.613734 -5.370875
29.756795 -5.097618
29.899857 -6.542499
30.042918 -5.792879
30.185980 -5.712554
30.329041 -6.007254
30.472103 -6.036454
30.615165 -5.805149
30.758226 -6.147498
30.901288 -6.811339
31.044349 -7.665469
31.187411 -7.014359
31.330472 -6.141980
31.473534 -5.979676
31.616595 -7.300646
31.759657 -6.365217
31.902718 -7.596157
32.045780 -7.924075
32.188841 -7.964808
32.331903 -7.325741
32.474964 -8.180988
32.618026 -7.906375
32.761087 -8.807082
32.904149 -7.992332
33.047210 -7.844266
33.190272 -8.900881
33.333333 -8.047421
33.476395 -8.710114
33.619456 -8.316545
33.762518 -9.490391
33.905579 -8.568205
34.048641 -8.644324
34.191702 -9.652485
34.334764 -9.028537
34.477825 -8.963427
34.620887 -9.401049
34.763948 -9.494093
34.907010 -9.406744
35.050072 -10.235217
35.193133 -9.259585
35.336195 -10.149095
35.479256 -10.321228
35.622318 -10.042927
35.765379 -9.575723
35.908441 -9.753680
36.051502 -9.834301
36.194564 -9.298345
36.337625 -10.515774
36.480687 -10.267743
36.623748 -10.085437
36.766810 -9.802392
36.909871 -9.634845
37.052933 -9.852537
37.195994 -9.580158
37.339056 -10.295788
37.482117 -10.117014
37.625179 -10.589628
37.768240 -10.277275
37.911302 -9.554452
38.054363 -10.513757
38.197425 -10.006505
38.340486 -9.324401
38.483548 -10.298836
38.626609 -10.311796
38.769671 -10.098292
38.912732 -9.207067
39.055794 -11.074804
39.198856 -9.296981
39.341917 -9.524994
39.484979 -9.490886
39.628040 -9.202160
39.771102 -9.873436
39.914163 -8.956216
40.057225 -9.319517
40.200286 -9.608023
40.343348 -10.057168
40.486409 -9.570474
40.629471 -8.607390
40.772532 -9.618080
40.915594 -8.169919
41.058655 -8.375039
41.201717 -9.559258
41.344778 -9.111284
41.487840 -8.871529
41.630901 -8.415259
41.773963 -8.536224
41.917024 -8.760414
42.060086 -8.622972
42.203147 -8.421942
42.346209 -9.441905
42.489270 -8.145310
42.632332 -9.169497
42.775393 -8.027616
42.918455 -7.572926
43.061516 -7.714242
43.204578 -7.258838
43.347639 -7.255325
43.490701 -7.881170
43.633763 -7.556457
43.776824 -6.878312
43.919886 -6.819371
44.062947 -6.346556
44.206009 -6.861475
44.349070 -6.236059
44.492132 -7.230836
44.635193 -7.088286
44.778255 -6.500156
44.921316 -6.574827
45.064378 -5.699914
45.207439 -5.803736
45.350501 -5.375718
45.493562 -5.552893
45.636624 -5.618861
45.779685 -5.667743
45.922747 -5.898379
46.065808 -5.170900
46.208870 -4.306462
46.351931 -3.795876
46.494993 -3.726792
46.638054 -4.605329
46.781116 -4.262370
46.924177 -4.127670
47.067239 -3.718416
47.210300 -3.998775
47.353362 -4.044559
47.496423 -3.749194
47.639485 -2.559150
47.782546 -4.019610
47.925608 -3.213274
48.068670 -2.527432
48.211731 -2.749065
48.354793 -2.072037
48.497854 -2.347717
48.640916 -2.243984
48.783977 -0.912873
48.927039 -2.184334
49.070100 -1.331982
49.213162 -0.089431
49.356223 -1.398609
49.499285 -0.583402
49.642346 -0.387221
49.785408 -0.821750
49.928469 -0.117985
50.071531 -0.732011
50.214592 -0.426443
50.357654 0.754474
50.500715 0.481393
50.643777 1.163111
50.786838 0.615618
50.929900 1.402478
51.072961 1.494337
51.216023 1.117471
51.359084 1.695558
51.502146 1.408850
51.645207 1.800538
51.788269 2.127555
51.931330 1.527819
52.074392 1.551303
52.217454 2.116889
52.360515 3.053041
52.503577 3.318227
52.646638 3.367808
52.789700 3.134889
52.932761 3.635382
53.075823 4.272537
53.218884 3.716179
53.361946 3.077998
53.505007 4.221056
53.648069 3.159378
53.791130 4.458774
53.934192 4.923690
54.077253 4.292280
54.220315 4.837730
54.363376 4.572785
54.506438 5.203308
54.649499 5.730849
54.792561 5.273605
54.935622 5.659457
55.078684 5.315313
55.221745 5.844307
55.364807 6.329693
55.507868 5.582401
55.650930 5.816969
55.793991 6.402288
55.937053 7.449562
56.080114 7.335230
56.223176 6.704628
56.366237 7.197309
56.509299 7.991601
56.652361 6.272067
56.795422 7.493620
56.938484 7.896421
57.081545 7.019664
57.224607 7.582139
57.367668 7.908910
57.510730 7.916540
57.653791 9.208676
57.796853 7.289650
57.939914 8.813622
58.082976 8.338748
58.226037 7.661893
58.369099 7.603102
58.512160 7.644959
58.655222 8.530090
58.798283 8.557356
58.941345 8.490943
59.084406 8.266618
59.227468 7.642394
59.370529 8.267133
59.513591 9.295595
59.656652 8.976484
59.799714 9.407430
59.942775 9.400950
60.085837 9.802344
60.228898 8.545318
60.371960 8.982777
60.515021 9.046349
60.658083 9.342443
60.801144 9.906631
60.944206 9.268690
61.087268 9.476593
61.230329 9.911921
61.373391 10.196330
61.516452 10.519995
61.659514 10.718904
61.802575 10.213006
61.945637 8.579307
62.088698 10.116552
62.231760 8.762232
62.374821 10.162529
62.517883 9.924523
62.660944 9.783755
62.804006 9.587808
62.947067 9.726212
63.090129 10.893941
63.233190 10.240940
63.376252 9.284149
63.519313 9.695597
63.662375 9.582375
63.805436 10.075374
63.948498 10.681521
64.091559 9.561204
64.234621 9.822982
64.377682 10.206538
64.520744 9.563229
64.663805 9.172678
64.806867 10.273817
64.949928 8.883483
65.092990 9.579566
65.236052 9.631015
65.379113 9.063070
65.522175 9.199134
65.665236 9.593068
65.808298 9.016666
65.951359 9.138827
66.094421 8.764792
66.237482 9.624365
66.380544 9.688287
66.523605 9.023541
66.666667 8.541126
66.809728 9.158643
66.952790 9.105320
67.095851 9.241296
67.238913 8.995346
67.381974 8.765028
67.525036 7.981948
67.668097 7.742167
67.811159 8.164283
67.954220 8.316625
68.097282 8.254884
68.240343 7.399024
68.383405 7.718511
68.526466 6.895965
68.669528 7.308567
68.812589 7.356005
68.955651 8.230565
69.098712 7.732474
69.241774 6.503522
69.384835 6.127610
69.527897 6.193163
69.670959 6.132995
69.814020 7.218912
69.957082 6.654234
70.100143 5.858896
70.243205 5.567500
70.386266 5.527376
70.529328 6.563832
70.672389 6.192960
70.815451 5.035640
70.958512 5.877282
71.101574 4.850604
71.244635 4.886073
71.387697 4.515663
71.530758 3.858181
71.673820 4.828027
71.816881 2.824105
71.959943 4.181883
72.103004 3.542986
72.246066 2.786944
72.389127 3.015834
72.532189 3.876860
72.675250 3.271440
72.818312 3.454889
72.961373 2.637975
73.104435 2.319963
73.247496 2.376844
73.390558 3.164735
73.533619 3.481676
73.676681 2.452950
73.819742 1.839915
73.962804 1.956200
74.105866 1.369618
74.248927 1.607037
74.391989 1.602594
74.535050 2.251625
74.678112 0.753284
74.821173 -0.229804
74.964235 1.286315
75.107296 0.427779
75.250358 0.417560
75.393419 0.094033
75.536481 -0.674676
75.679542 0.106780
75.822604 -0.052888
75.965665 -1.096811
76.108727 -0.556858
76.251788 -0.999054
76.394850 -1.096767
76.537911 -1.540104
76.680973 -1.940622
76.824034 -2.259842
76.967096 -1.936473
77.110157 -2.834658
77.253219 -2.708824
77.396280 -2.169358
77.539342 -2.991181
77.682403 -2.235843
77.825465 -3.186592
77.968526 -3.087153
78.111588 -2.783571
78.254649 -3.483217
78.397711 -2.176431
78.540773 -4.538060
78.683834 -4.566791
78.826896 -4.627455
78.969957 -4.059944
79.113019 -3.983944
79.256080 -4.119362
79.399142 -4.994790
79.542203 -4.738327
79.685265 -4.477758
79.828326 -5.262169
79.971388 -6.300598
80.114449 -6.346197
80.257511 -5.719381
80.400572 -5.713084
80.543634 -5.748974
80.686695 -6.040661
80.829757 -5.876369
80.972818 -6.643414
81.115880 -6.619977
81.258941 -6.453959
81.402003 -6.780502
81.545064 -7.372491
81.688126 -7.173664
81.831187 -7.103682
81.974249 -7.744297
82.117310 -8.129656
82.260372 -7.924103
82.403433 -7.740972
82.546495 -7.079363
82.689557 -7.790771
82.832618 -7.569547
82.975680 -9.342306
83.118741 -8.017593
83.261803 -8.492906
83.404864 -8.750679
83.547926 -8.845316
83.690987 -8.611078
83.834049 -8.253898
83.977110 -8.214146
84.120172 -8.756476
84.263233 -8.169533
84.406295 -8.547529
84.549356 -8.450153
84.692418 -8.972646
84.835479 -9.512909
84.978541 -8.777620
85.121602 -9.301763
85.264664 -10.087236
85.407725 -9.286250
85.550787 -9.322870
85.693848 -10.017666
85.836910 -9.823410
85.979971 -10.360401
86.123033 -10.245754
86.266094 -9.574799
86.409156 -10.550304
86.552217 -9.882858
86.695279 -9.589472
86.838340 -9.771597
86.981402 -9.156942
87.124464 -9.574814
87.267525 -10.356714
87.410587 -9.179162
87.553648 -10.062722
87.696710 -9.200608
87.839771 -10.705283
87.982833 -10.356808
88.125894 -9.801453
88.268956 -10.050912
88.412017 -8.803863
88.555079 -10.221966
88.698140 -9.271349
88.841202 -10.330417
88.984263 -10.179757
89.127325 -8.783375
89.270386 -9.873601
89.413448 -10.192052
89.556509 -9.959676
89.699571 -9.365622
89.842632 -9.810365
89.985694 -10.055220
90.128755 -9.466619
90.271817 -9.631665
90.414878 -9.452280
90.557940 -9.579833
90.701001 -8.838185
90.844063 -9.059528
90.987124 -9.166221
91.130186 -9.007126
91.273247 -8.999974
91.416309 -9.011065
91.559371 -8.825889
91.702432 -8.487810
91.845494 -8.377642
91.988555 -8.082207
92.131617 -8.429059
92.274678 -8.576965
92.417740 -8.488035
92.560801 -7.833118
92.703863 -8.297256
92.846924 -8.570739
92.989986 -7.425667
93.133047 -8.819475
93.276109 -7.957916
93.419170 -7.994667
93.562232 -8.087845
93.705293 -7.634041
93.848355 -6.241336
93.991416 -6.761936
94.134478 -7.017300
94.277539 -7.573077
94.420601 -7.621278
94.563662 -6.623830
94.706724 -6.903682
94.849785 -7.096668
94.992847 -5.569843
95.135908 -5.940404
95.278970 -5.595961
95.422031 -6.347486
95.565093 -5.857640
95.708155 -5.744932
95.851216 -5.472097
95.994278 -5.351906
96.137339 -4.368188
96.280401 -5.080951
96.423462 -5.302021
96.566524 -4.207064
96.709585 -4.045740
96.852647 -4.132244
96.995708 -4.984646
97.138770 -4.101674
97.281831 -3.460759
97.424893 -4.235895
97.567954 -3.817313
97.711016 -3.629468
97.854077 -3.008883
97.997139 -3.060658
98.140200 -3.943305
98.283262 -2.854562
98.426323 -2.284085
98.569385 -2.454653
98.712446 -2.724656
98.855508 -2.670466
98.998569 -1.035887
99.141631 -1.527625
99.284692 -1.992117
99.427754 -1.259306
99.570815 -2.042941
99.713877 -0.766452
99.856938 -1.359810
100.000000 0.118691
66.596392 47.682719
36.458377 51.174490
46.048640 15.611329
46.937946 85.219478
41.789882 15.845215
55.425839 54.048292
33.736680 32.397905
96.665160 24.807739
71.480623 7.909096
43.620881 53.593287
40.629664 82.734972
86.696034 48.035641
76.777584 0.049130
2.302586 34.700719
28.143438 81.670666
14.272936 82.262999
70.076932 70.543502
20.054426 26.739523
78.710226 59.663994
4.376166 7.084322
77.743469 61.566391
6.791992 79.153489
40.378116 27.050371
69.879630 98.777569
52.651438 75.265484
66.929644 28.488980
51.315768 84.991730
95.604582 92.074919
70.454461 71.968426
38.527074 50.624387
87.707410 81.068158
30.554851 88.994967
93.605287 84.980714
68.363835 56.179250
74.656393 34.940693
56.355443 81.920007
47.046110 51.745168
96.540617 34.919874
42.908369 69.645088
97.416498 59.717332
0.189795 44.339874
20.360329 34.356320
46.204946 55.644253
94.867134 58.600003
62.012921 16.472873
82.285025 85.053068
85.354700 58.463921
81.697838 93.143497
0.894848 12.709834
83.542723 66.688707
6.031803 73.276375
97.333680 66.924086
55.816426 2.102280
70.144932 42.162533
42.694501 22.879319
36.342398 60.054186
55.915940 26.085694
72.544409 23.475836
3.268458 35.395654
34.400789 94.712847
4.116453 2.074882
55.059213 68.775080
74.271947 10.890176
35.826267 28.382253
8.403184 85.182664
8.463760 68.635654
79.460142 7.773280
32.704053 22.891610
76.100715 20.983296
55.743391 1.370479
66.355532 66.948750
95.159487 78.190990
64.080573 75.232367
14.585675 52.844037
86.264946 93.023694
58.245287 52.804833
78.742268 27.819167
18.368645 38.068469
44.236419 64.654533
93.685155 74.287534
23.465529 54.162669
63.010163 58.177727
88.163927 49.969175
33.947039 18.245215
36.968443 41.156392
84.113728 61.081681
0.068276 52.217962
61.903892 70.026002
2.947469 50.590149
21.206082 30.993584
42.738601 74.275535
34.048681 36.529950
52.012461 63.926522
73.734780 9.403434
88.017919 74.301629
88.979095 34.439794
55.051232 24.751049
49.397232 69.580559
88.445568 37.346907
0.540750 20.784896
17.414711 65.148801
92.916105 52.861603
27.117640 36.455396
84.980290 40.414806
50.694893 36.312707
26.933701 29.795289
2.744944 81.107626
0.397766 24.410918
11.903747 83.565730
71.480467 1.104562
23.751663 1.722236
46.936311 51.949903
38.071597 84.721775
82.684733 92.382790
42.371315 11.912826
54.176786 34.785862
83.228122 19.615105
30.394603 47.747546
53.931655 90.908253
13.548057 11.243243
92.979061 57.896354
58.844709 77.353973
72.692497 38.854264
79.623427 43.554938
94.498338 69.296917
99.107362 87.576380
20.053534 59.268433
75.010709 3.069495
92.906372 8.787258
74.723753 56.425974
85.351224 41.257431
30.590116 15.437206
28.848084 74.143549
58.500757 25.180076
23.006295 59.493371
21.615129 97.404794
58.289475 51.694357
2.991224 45.006583
0.581415 7.272965
88.870936 86.641714
74.051777 46.204197
49.833287 58.454340
18.699752 2.093189
1.070237 83.128495
38.545969 6.877178
53.027885 41.158672
68.590329 88.637619
48.143462 95.493237
75.757051 58.860966
67.652617 50.460457
68.011836 6.760600
0.294652 61.747548
53.198163 9.162219
4.611224 1.831513
49.519541 61.641684
91.990432 98.106188
25.131376 90.060139
40.202436 94.824704
7.289993 61.299046
83.774523 83.944912
47.431988 36.316683
75.409357 33.202803
94.924699 53.473854
15.179945 57.171331
8.812748 58.053444
99.681347 2.826526
45.999351 8.162372
82.729194 14.199486
17.477735 26.453425
18.339651 96.012185
66.514139 21.671572
25.740182 79.620305
96.647443 30.742162
35.657640 12.118168
60.430614 94.759367
94.945632 48.268929
28.676754 50.396096
34.653247 96.359774
86.113763 12.540582
41.259069 49.896861
59.676453 50.743640
38.688862 75.273843
71.632129 15.195211
97.226157 26.715749
19.800354 0.714295
62.768401 69.484718
20.838122 2.936346
75.643285 4.324539
33.203384 7.381680
29.003294 0.938827
98.011670 36.702079
10.687908 56.264995
79.172886 20.123653
62.084236 70.810651
9.964531 25.878266
41.484871 9.375617
37.198721 44.196680
78.046425 35.552972
29.396239 88.289301
78.449625 6.491245
93.878802 22.420801
76.976298 78.887448
20.105453 16.287085
59.220413 36.244716
19.035082 69.663569
35.448680 50.040461
59.076633 77.666739
38.753596 64.100717
87.903516 85.149272
86.751339 52.161155
48.001854 56.932576
86.188666 44.476858
24.916169 58.267653
11.737168 61.403814
55.120035 17.116661
62.826885 62.623889
33.211066 71.046236
0.320098 33.321462
83.857673 62.975336
83.961382 14.958377
22.571878 41.662617
60.545379 62.814179
96.086446 3.297454
69.211012 82.441707
60.326096 31.579915
46.243660 53.997581
91.319425 13.759786
77.339947 56.687618
78.372858 0.126811
77.159165 35.647752
4.601132 91.003361
75.934622 70.403537
34.821222 77.196309
35.542951 16.214470
86.058488 76.370901
71.626041 27.464523
25.873095 83.002009
50.027399 40.291001
0.600793 0.962906
97.031768 45.524971
66.411445 5.183896
25.977424 49.228865
17.660230 21.571799
35.762313 21.019630
84.262669 18.285029
8.114914 88.388378
98.160385 26.683430
46.268451 89.954609
18.216033 52.722827
2.596955 97.633897
88.732634 65.549501
60.596235 75.059757
78.995076 4.078300
86.734766 76.442483
45.956877 1.264582
17.436105 0.930604
64.492102 65.707886
28.725804 84.430705
83.775786 43.127195
39.025785 54.354531
58.447491 36.530427
0.066206 7.993831
28.052724 57.583973
75.631695 89.209995
90.648914 33.584758
99.270103 34.374121
45.932293 96.004370
54.390580 34.287033
60.220216 18.118281
52.418449 94.348232
5.617095 22.255235
40.697374 47.276044
84.809085 71.215488
44.955793 74.674258
96.973533 2.963139
86.128621 66.805719
26.437939 4.020767
81.685229 20.788614
3.255610 72.885523
14.586088 94.431965
3.820352 80.185237
61.382896 66.311390
17.686952 52.612363
86.751291 73.876248
85.859623 13.041162
96.773446 18.291886
63.441744 81.915299
73.354492 82.348173
94.984547 88.425463
16.959808 91.910007
5.128024 97.509910
70.188200 55.337349
22.393600 21.488580
59.845544 38.878298
51.190951 82.499798
93.168159 80.456788
12.720902 39.281795
87.456084 65.762743
71.895201 40.925972
39.672654 18.618932
