50
0.000000 -0.657587
2.941176 4.017812
5.882353 6.785677
8.823529 9.267795
11.764706 9.922180
14.705882 9.086021
17.647059 7.854529
20.588235 5.168948
23.529412 2.073558
26.470588 -1.554198
29.411765 -5.853634
32.352941 -8.287125
35.294118 -9.890695
38.235294 -10.158567
41.176471 -8.976610
44.117647 -6.285999
47.058824 -3.565230
50.000000 -0.222785
52.941176 2.748277
55.882353 6.398947
58.823529 8.987055
61.764706 10.048934
64.705882 9.674508
67.647059 7.644818
70.588235 5.888697
73.529412 2.355014
76.470588 -1.060008
79.411765 -5.045390
82.352941 -6.671080
85.294118 -9.506835
88.235294 -9.856143
91.176471 -8.957653
94.117647 -8.717097
97.058824 -4.638012
100.000000 -0.963776
25.878013 59.428182
90.974716 0.788770
17.653785 81.994887
50.731631 12.266473
51.586831 11.763042
30.798037 30.469354
85.819087 88.471010
84.787929 92.100009
34.785854 34.635256
3.171333 54.843370
67.337995 9.711307
13.546044 16.955180
22.343829 81.071337
11.939360 83.587193
21.622053 59.572110
