49
-0.197762 0.331696
16.611641 -0.061305
33.026920 0.117563
50.123068 0.060890
66.782543 0.288502
83.259727 0.258045
100.082418 0.297342
-0.094751 16.917363
16.663378 16.555079
33.231657 16.700457
50.152532 16.484784
66.760473 16.884778
83.450460 16.596211
100.130128 16.525033
0.139635 33.026395
16.596585 33.678661
33.628817 33.331790
50.050445 33.397638
66.627200 33.541286
83.235567 33.746004
100.210311 33.112396
0.024435 49.748705
16.558442 50.191725
33.264999 49.893370
50.202417 49.622157
66.530375 50.184880
83.544000 49.744864
100.118071 49.883468
0.381444 66.784353
16.910068 66.562244
33.258789 66.497728
50.298239 66.344880
66.675023 66.411017
83.517303 66.512974
100.243120 67.025445
-0.184439 83.355052
16.792578 83.500859
33.599668 83.016245
50.120299 83.556149
66.895904 83.186697
83.734911 83.283499
99.998138 83.515804
-0.126182 100.501642
16.674798 99.724788
33.580355 100.047245
50.312767 100.095199
66.651728 99.937899
83.345860 100.550886
100.100245 99.767764
