961
0.225808 0.066665
3.598549 -0.246198
6.431188 0.240003
10.192758 -0.012183
13.381267 -0.073677
16.740705 -0.183669
20.017995 -0.019142
23.562405 -0.115767
26.794973 -0.098556
29.644082 -0.228215
33.518544 0.277075
36.741118 -0.230563
39.982922 0.038898
43.119054 0.100376
46.661131 -0.181911
49.805187 -0.040735
53.412097 -0.065639
56.366507 0.299634
59.758426 -0.124800
63.212339 0.184024
66.465624 0.050953
69.953055 0.100634
73.817874 -0.243294
76.773424 0.031459
79.842745 -0.368514
83.055958 0.060252
86.620629 0.192368
90.102131 -0.143850
93.675955 -0.317331
96.671165 0.157109
99.845630 0.461368
0.328867 3.122757
3.215305 3.217445
6.767548 3.111938
10.105338 3.592811
13.359089 3.292932
16.889154 3.079772
19.824865 3.198200
23.091543 2.835745
26.737328 3.393085
30.524245 3.620982
33.130012 3.309041
36.725029 3.435379
39.950664 3.487217
43.078602 3.041999
46.480031 3.410843
49.738672 3.526995
53.373254 3.463438
56.708730 3.827085
59.858087 3.410450
63.023614 3.031636
66.984497 3.593017
70.222780 3.080151
73.216476 2.897758
76.939014 3.130750
79.982809 3.315958
83.062052 3.170533
86.823344 3.325131
89.837752 3.098619
93.204979 3.129609
96.759283 3.257233
99.623729 3.124741
-0.108137 6.980615
3.433801 6.800132
6.628596 6.654352
10.392451 6.915990
13.598605 6.624734
16.526986 6.278275
19.894738 6.688400
23.078976 6.809035
27.078844 6.470296
29.835008 6.507982
33.395392 6.630253
36.761616 6.408256
39.763445 6.633080
43.481431 6.815854
46.451705 6.723086
50.124062 6.885506
53.651743 6.617947
56.688260 6.579427
59.670597 7.022513
63.313316 6.879552
66.392521 6.708823
69.936047 6.488686
73.692884 6.329080
76.874496 6.511928
79.687059 6.368202
83.370181 6.529150
86.685163 6.608376
89.623286 6.891787
93.276349 6.654798
96.758317 6.637274
99.570578 6.558978
0.071869 9.984487
3.285275 10.185409
6.262513 10.143284
9.953625 9.988500
13.429900 9.841911
16.739350 9.923667
19.917145 9.954011
23.708609 10.269120
26.745830 9.838848
29.964847 9.900829
33.086757 9.953836
36.738146 9.959983
39.989658 9.734666
43.446265 10.026561
46.563574 9.902449
50.324415 9.438230
52.940846 9.602149
56.651270 10.000853
59.912105 9.754905
63.326859 10.462509
66.935133 9.991455
70.055836 9.969843
73.564003 10.273204
76.517466 10.069472
80.237627 10.018302
83.283878 9.689820
86.878597 9.730866
90.366325 9.815579
93.362251 10.072381
96.322298 9.972456
100.043022 10.023003
0.199827 13.104896
3.317747 13.262623
6.497442 12.879248
10.096269 13.005195
13.213463 13.652480
16.647862 13.594329
19.968679 13.660405
23.415186 13.444238
26.843268 13.526792
29.670305 13.325791
33.453954 13.261276
36.564820 13.352233
39.967342 13.184252
43.545727 13.087570
46.788656 13.623858
50.236719 13.210067
53.232332 13.044668
56.765251 13.406230
60.044802 13.150096
63.215005 13.685648
66.608642 13.157848
70.013895 13.503878
73.033714 13.320524
76.704025 13.295549
80.189988 13.032997
83.383610 12.947958
86.867688 13.128989
90.108270 13.444216
93.362098 13.595559
96.612309 13.594020
99.871592 13.329542
0.011605 16.685137
3.667794 16.539769
6.596975 16.784084
9.816759 16.411763
13.207946 17.131165
16.666202 16.514833
19.860565 16.552819
23.283789 16.690974
26.764062 16.992264
30.126384 16.974949
33.358805 16.991438
36.475673 16.949040
40.395811 16.486743
43.141649 17.028389
46.713893 16.632713
49.860459 16.482096
53.228644 16.645322
56.138893 16.423111
59.921151 16.560029
63.214143 16.573579
66.888848 16.498966
69.959011 17.060287
73.333840 17.125054
76.506617 16.778415
80.334094 16.718171
83.602028 16.640721
86.696268 16.948336
89.810010 16.970173
93.187617 16.879150
96.824961 16.328864
100.070614 16.717915
-0.212785 20.153418
3.430270 20.014736
6.310691 20.311137
9.946881 20.220420
13.045869 20.180210
16.672075 20.019614
19.882398 19.989558
23.632745 19.882907
27.090915 20.057542
29.600973 20.090250
33.439513 20.449306
36.631217 19.887251
40.449859 20.213158
43.234483 20.016415
46.635331 20.222026
50.068643 19.902395
52.946612 19.745850
56.767188 20.179446
60.144199 19.884777
63.437660 20.001937
66.473920 20.101004
70.355325 20.170325
73.233229 20.086036
76.542304 20.043173
80.294029 19.756283
83.681042 20.260356
86.350190 20.050577
90.182078 20.017976
93.564111 19.702715
96.784194 20.185944
100.366019 20.231697
-0.107973 23.519656
3.526791 23.564404
6.505458 23.349562
10.077314 22.894692
13.431653 23.376438
16.683791 23.467579
19.948639 23.475892
23.239675 23.475929
26.630993 23.560790
30.133468 23.125251
33.374434 23.010331
36.608838 23.308120
40.246168 23.490851
43.514684 22.959381
47.278443 23.397035
50.094573 23.408249
52.956055 23.347496
56.526152 23.319039
59.690937 23.381049
63.203144 23.537794
66.745994 23.621284
69.653870 23.366853
73.100590 23.314000
76.396107 23.286590
80.103501 23.130381
83.722059 23.108715
86.633174 23.460381
90.069516 22.940051
93.530135 23.295662
96.685004 23.363668
100.379386 23.402321
0.038820 26.742369
3.538193 26.918774
6.550156 27.115934
9.693035 26.865762
13.449398 26.869781
16.441234 26.859321
20.070406 26.368614
23.249687 26.585008
26.541898 26.725532
29.745801 26.308903
33.100724 26.690009
36.688560 26.555166
40.277935 26.815097
43.374904 26.550529
46.761817 26.578378
50.137537 26.637050
53.755883 26.696358
56.911238 27.077729
59.979100 26.688793
63.409783 26.915815
66.826296 26.819762
69.903095 26.771753
73.168722 26.742634
76.705123 26.442645
80.114970 26.531068
83.162367 26.551605
86.553368 26.458519
90.091816 26.399346
92.785165 26.553163
96.438204 26.912234
99.959340 27.009482
0.175705 30.168532
3.432297 29.891331
6.661253 29.931726
10.004868 29.867966
13.138929 29.593292
16.580788 29.740309
19.875799 29.967238
23.324840 30.023821
26.075012 29.946170
30.232187 30.015691
33.346051 29.648798
36.479030 30.363417
39.705480 30.162606
43.424510 30.177165
46.802380 29.851857
49.908651 29.756466
52.826011 29.847014
56.575854 29.926195
59.941775 30.064224
63.403744 29.745941
66.689864 30.021177
70.165955 29.735310
73.333783 29.752132
76.599548 29.954741
79.713060 30.069452
83.143320 29.789393
86.452838 30.180624
90.048992 29.796297
93.479986 30.158723
96.774513 29.671638
100.471480 29.952898
-0.131353 33.448425
3.194691 33.374318
6.649973 33.495990
9.948819 33.371160
13.182944 33.083631
16.825348 33.265993
20.091326 33.608624
23.151711 33.564825
26.612931 33.031188
29.960477 33.269274
33.374048 33.419076
36.636495 33.122593
40.271329 33.135805
43.278993 33.100986
46.778775 33.289807
49.917962 33.326196
53.492969 33.473471
56.801809 33.476495
60.175076 33.022796
63.006617 33.479619
66.683427 33.669521
69.828940 33.408773
73.296127 33.228986
76.763839 33.169308
80.313070 33.591097
83.465055 33.137955
86.921607 32.843329
89.969521 33.420206
93.492356 33.400326
96.589496 33.523989
99.901151 33.194407
0.136064 36.959703
3.151087 37.256298
6.687516 36.608906
9.864287 36.372398
13.597192 36.585494
16.816600 36.522702
19.867231 36.465315
23.401251 36.868515
26.439568 36.715138
30.261075 36.348710
33.507105 36.737762
36.411329 36.624454
39.797184 36.730535
43.362731 36.545278
46.914205 36.847543
49.677396 37.202117
53.419512 37.091310
56.911515 36.865792
60.045652 36.593113
63.322061 36.745794
66.863935 36.644589
70.142713 36.460676
73.066540 36.655316
76.588303 36.315621
80.174863 36.674485
83.306881 36.660036
86.753996 37.037007
90.003801 36.522140
93.300910 36.470799
96.887708 36.670090
100.113873 36.558391
0.171721 39.891397
3.357430 39.535064
6.542579 40.333894
9.977208 40.541082
13.023919 39.918923
16.678234 40.084282
20.143125 40.252126
23.123294 39.970573
26.438765 39.940046
30.020217 39.706274
33.319280 40.167238
36.581332 39.821230
39.977768 39.811654
43.360334 39.792524
46.613899 40.051311
50.395130 39.781943
53.239188 39.916194
56.267887 39.980416
59.930126 40.165815
63.337808 40.040744
66.762699 40.055927
69.942797 40.150278
73.525059 40.206069
76.753781 39.831239
80.040113 39.885309
83.541428 40.221301
86.437249 39.999811
89.998094 39.951358
93.168797 40.015703
96.991557 39.865110
99.909148 40.254216
0.128571 43.207052
3.070725 43.239366
6.848287 43.422646
10.057953 43.286606
13.129714 43.470062
16.463773 43.420435
20.001905 43.242645
23.110575 43.358632
26.542518 43.383020
29.904853 43.395490
33.331512 43.308937
36.742409 43.021713
39.950070 43.424256
43.297426 43.375207
46.713805 42.897735
49.847136 43.141241
53.516732 43.301295
56.636823 43.444120
60.286019 43.500053
63.360180 43.727372
66.186793 43.687985
70.063779 42.980480
73.246728 42.842227
76.698769 43.762729
80.093524 43.677582
83.605885 43.335174
86.619048 43.138310
90.518536 43.121771
93.345665 43.422052
96.850909 43.597504
100.224720 43.240436
-0.005647 46.948172
3.226162 46.695662
6.595788 46.353738
10.149390 46.587877
13.146401 46.553439
16.848495 46.951763
19.514900 46.843258
23.655286 46.852721
27.012326 46.985213
29.831012 46.826532
33.423199 46.847219
36.844076 46.732624
40.297897 46.553784
43.095614 46.567877
46.864449 47.147445
49.799093 46.542880
53.361753 46.714891
56.751288 46.822008
60.017938 46.713604
63.313418 46.883244
66.503681 46.606579
70.033571 46.732950
73.073693 46.509983
76.778272 46.551548
80.006782 46.684280
83.692736 46.609974
86.950421 46.854998
89.641131 46.652540
93.407740 46.945659
96.944915 46.480705
99.742829 46.584508
-0.356990 49.791802
2.999243 50.312470
6.924544 49.733442
10.428986 49.775284
13.822803 49.720632
16.600622 49.903572
19.957328 50.186545
23.475750 49.926506
26.567198 49.498828
30.093103 49.839119
33.369647 50.379326
36.765706 49.908102
39.790590 49.924205
43.394706 49.671840
46.489200 49.831812
50.089238 50.115026
53.297268 50.233690
56.843929 49.874735
60.029340 49.816195
63.291469 50.185094
66.973544 49.979965
70.285965 50.392302
73.373270 50.345707
76.526586 50.189900
80.111404 49.930707
83.345704 50.060245
86.836922 49.974476
90.147961 50.128179
93.499159 50.105583
96.298063 50.076333
100.025312 50.119132
0.031977 53.394896
3.185543 53.415842
7.069348 53.320751
10.001091 53.560472
13.417336 53.373088
16.850585 53.283708
20.234383 53.051722
23.473361 53.492824
26.755269 53.201169
30.081548 53.014066
33.282185 53.158577
36.719338 53.017396
40.165234 53.364100
43.108725 53.262582
46.805069 53.534823
50.100996 53.104876
53.251936 53.443783
56.959168 53.541889
60.073005 53.557569
63.567640 53.338078
66.564765 53.340515
70.063012 53.318518
72.937988 53.271777
76.779811 53.490474
80.109504 53.250344
83.584077 53.043972
86.510098 53.470149
90.013926 53.458908
93.288280 53.312494
96.566666 53.172020
100.254222 53.394956
-0.299452 56.534676
3.399987 56.749529
7.000602 56.714403
10.090954 56.652673
13.575643 56.380792
16.663024 56.409053
20.177134 56.600636
23.268993 56.432131
26.570387 56.476740
30.145414 56.796922
33.720202 57.151837
36.906953 56.612236
40.242557 56.666435
43.352541 56.638369
46.658118 56.696604
50.138687 56.657480
53.294898 56.702986
56.726328 56.414916
60.235103 56.707695
63.628957 56.816258
66.597731 56.932402
69.833649 56.493232
73.569781 56.495861
76.734229 56.772804
80.088939 57.074901
83.198491 56.636721
86.682506 57.056277
90.336004 56.550587
93.438199 56.369063
96.668804 56.718186
100.431327 56.886744
0.236045 60.374515
3.418920 60.284213
6.550179 59.662761
9.580137 59.931151
13.292110 59.831997
16.952599 59.914279
20.174600 60.171320
23.277968 60.304286
26.582802 60.083647
29.909775 59.738512
33.059124 60.082050
36.744579 59.831028
40.088489 59.912304
43.386138 60.097540
46.467104 59.979375
50.173497 59.736214
53.427062 60.215250
56.722966 60.164398
59.575002 60.084776
63.330167 59.982393
66.271561 59.617983
69.849213 59.945161
73.509056 59.900840
77.057800 60.047060
80.178687 60.167177
83.349428 60.066216
86.153821 60.095074
89.703972 60.255553
93.361744 59.978542
96.823545 59.962696
99.879825 60.432051
-0.108369 63.324461
3.522277 63.354159
6.226539 63.423803
10.359950 63.257699
13.226534 63.673832
16.339101 63.529260
20.170389 63.044822
23.659475 63.038601
26.767899 63.753282
30.368961 63.184229
33.429326 63.244975
36.617808 63.187863
39.785165 63.020811
43.304048 63.547714
46.600465 63.160128
49.960638 63.162188
53.208018 63.437104
56.613072 63.157595
59.817899 63.251303
63.480346 63.258072
66.691063 63.260988
70.137412 63.720323
73.385355 63.498103
76.655899 63.601620
80.066997 63.373488
83.129300 63.580043
86.532246 63.313580
90.288053 63.413493
93.164471 63.556710
96.749444 63.277955
99.900547 62.940308
0.034800 66.637567
3.290982 66.826244
6.546968 66.719145
10.030000 67.100114
13.499042 66.915043
16.796267 66.716140
20.172858 66.892978
22.867782 66.832039
26.442958 67.035472
29.740396 66.455087
33.434935 66.537550
36.711625 66.740546
39.811851 66.955574
43.458485 66.652348
46.434063 66.755456
50.063959 66.541862
53.433329 66.827183
56.665018 66.722981
60.144473 66.273503
62.852730 66.940301
66.734066 66.482177
69.745986 66.763266
73.039820 66.599833
76.471488 66.552219
79.971631 66.745336
83.306667 66.720815
86.252227 66.627184
89.941284 66.498423
93.296135 66.697742
96.916854 66.699489
99.966888 66.434816
0.125942 70.238235
3.469357 70.221039
6.782671 70.021803
10.034193 70.098761
12.842273 69.873152
16.868298 69.778599
19.754709 70.144829
23.480507 70.122131
26.671788 70.086455
30.078470 69.963951
33.366704 70.199488
37.001789 70.116738
40.065695 70.016866
43.280297 69.836418
46.950164 69.688489
49.805864 69.677369
53.382022 69.906717
56.787731 69.920502
60.026399 70.046564
63.368015 69.861697
66.835139 70.122067
70.186106 69.908417
73.398711 69.920328
76.796757 69.925329
80.112993 70.163050
83.318148 70.320712
86.821378 69.823086
90.104834 69.898323
93.521681 70.236564
96.590651 69.771251
100.093874 70.004762
0.260295 73.233627
2.966533 73.208428
6.402889 73.547741
9.735698 73.424814
13.267087 73.706426
16.656426 73.563483
20.008156 73.618972
23.293939 73.311650
26.742870 73.296967
30.123599 73.462026
33.371599 73.527747
36.753511 73.577438
40.266890 73.584645
43.568714 73.258754
46.368052 73.552845
49.921056 73.651941
53.459353 73.122541
56.872646 73.140481
60.386404 73.262313
63.233268 73.488140
66.623597 73.616563
70.013594 73.022263
73.544251 73.173234
76.903927 73.517533
79.845905 73.270822
83.323666 73.459357
86.721286 73.075701
89.940291 73.553418
93.396101 73.330411
96.590121 73.393255
99.727642 73.698890
0.062140 76.598878
3.236092 76.474355
6.336895 76.845340
10.025344 76.680898
13.357814 76.655393
16.693142 76.659041
19.988599 76.743251
23.486487 77.007258
26.684710 76.861710
30.332590 76.953425
33.342421 76.325959
36.433544 76.461768
40.313422 76.556106
43.329822 76.529824
46.697994 76.437681
49.989804 76.996160
53.065743 76.463859
56.484607 76.582415
60.018469 76.729866
63.094585 76.861622
66.754262 76.532887
70.109940 76.495937
73.071523 76.964092
76.887701 77.051510
80.025877 76.658983
83.551634 76.841471
86.811689 76.830198
90.232476 76.518460
93.391408 76.614221
96.716803 76.806594
100.124207 76.429565
-0.151115 79.923211
3.441589 80.156793
6.353444 80.191066
9.896386 79.909293
13.232096 80.241994
16.716232 80.267849
19.846019 80.093315
23.272926 80.104673
26.498306 80.132380
30.246418 80.011590
33.234398 80.005101
36.649874 80.355150
40.021506 79.821855
43.009654 80.131833
46.368732 79.986324
49.771767 80.052432
53.325085 79.762239
56.729426 80.236614
60.133184 80.232289
63.424583 80.076718
66.563839 79.776158
70.215626 79.606172
73.283734 80.084163
76.650804 80.117201
79.952809 80.175153
83.336552 80.210688
86.778943 80.065477
90.288915 79.936481
93.366129 80.082903
97.067984 80.162930
100.329173 79.772323
0.293553 83.306133
3.495948 83.189777
6.420495 83.779014
9.950817 83.282964
13.372376 82.928414
16.656061 83.193032
20.213532 82.936025
23.450979 83.523736
25.989693 83.284784
30.020392 83.454570
33.166702 83.047699
36.752014 83.194102
39.669352 83.324944
43.307661 83.689877
46.732223 83.322971
49.871860 83.310443
53.222979 83.427702
56.534324 83.215936
60.237960 83.379699
63.414502 83.066432
66.493368 83.603428
70.172892 83.208705
73.373950 83.361420
76.615619 83.144582
80.140654 83.487630
83.336054 83.459871
86.463824 83.212114
90.030020 83.604884
93.130144 83.282794
96.771389 83.186690
99.831950 83.550695
-0.051142 86.830325
3.312523 86.486447
6.553747 86.569318
9.640508 86.837027
13.194687 86.674086
16.639237 86.864678
19.986627 86.778687
23.205632 86.561333
26.866563 86.668702
30.306085 86.646596
32.974721 86.845279
36.728652 86.532063
40.222271 86.635064
43.316000 86.848394
46.554908 86.327863
49.603459 86.910725
53.547358 86.474300
56.699298 86.897720
60.125876 86.749955
63.659432 86.677893
66.672076 86.318778
70.349979 86.804803
73.007573 86.499646
76.549388 86.722798
80.303631 87.031533
83.422494 86.461183
86.980314 86.783965
89.727294 86.696445
93.205102 86.565174
96.965202 86.572409
99.964090 86.601455
-0.136325 89.650118
3.326087 89.875769
6.915566 89.795724
10.289638 89.873095
13.247022 89.617513
16.589733 89.552799
20.022248 90.154904
23.048478 90.457315
26.704497 90.321293
29.960312 90.125590
33.284673 90.016454
36.491881 90.148228
40.070931 89.625724
43.511229 90.261356
46.635270 89.848712
50.013731 90.217081
53.531877 90.062457
56.641045 90.058157
60.064949 90.130374
63.347411 90.156554
66.729549 90.070123
69.682989 90.030188
73.524010 89.915785
77.041995 90.317813
79.593243 89.765264
82.904154 89.739932
86.868271 90.169648
89.908570 89.689472
93.596313 90.064846
96.481716 89.930528
100.019240 90.183679
0.086157 93.197154
3.210802 93.372001
6.355764 93.177575
9.613782 93.353373
13.344885 93.644513
16.746110 93.428362
19.730246 93.221380
23.298526 93.568663
26.490089 93.355912
29.782177 93.122487
33.243642 93.382704
36.628693 92.640785
40.112694 93.272800
43.462136 93.367847
46.855838 93.296576
49.775351 93.395040
53.223471 93.766602
56.199614 93.868114
60.039378 93.345447
63.278815 93.157445
66.387006 93.462806
70.015720 93.467277
73.429217 93.052044
76.622991 93.462302
80.387901 93.487797
83.236231 92.943799
86.341675 93.368656
89.963986 93.259342
93.346296 93.150984
96.726013 93.605089
99.907392 93.455503
0.000291 96.354958
3.102388 96.813919
6.657623 96.573219
9.957223 96.811535
13.186234 96.961910
16.560440 96.473665
19.909565 96.541672
23.327894 96.501007
26.597135 96.913232
30.091841 96.527704
33.697759 96.403183
36.701546 96.490140
39.713363 96.639385
43.031435 96.378200
46.816127 96.362360
50.246427 96.633772
52.991952 96.571572
56.260251 96.941648
59.945758 96.857722
63.059183 96.849461
66.341220 96.718406
70.168307 96.275253
73.133224 96.552012
76.733409 96.639510
79.674773 96.788172
83.214030 96.851547
86.544038 96.914360
89.710751 96.572190
93.456754 96.705742
96.333253 96.754879
100.427995 96.383276
-0.162552 99.837125
3.114069 99.882356
6.661668 99.776353
9.983583 100.187061
13.288250 100.123179
16.465212 100.032066
19.950491 99.768536
23.457529 100.058979
26.815774 99.902459
30.151427 100.005313
33.372031 99.756783
36.524540 100.050264
39.675451 100.328810
43.202348 100.056793
46.621285 100.023509
49.680330 100.120788
53.442807 100.038812
56.811625 100.338634
60.346488 100.001945
63.563183 100.082830
66.816794 99.897322
69.988146 100.135317
73.411127 99.974650
76.927316 99.623446
80.266871 100.035785
83.688789 100.217721
86.833717 99.845156
89.796298 99.978637
93.405062 99.821550
96.633988 100.043000
99.816145 99.934532
