200
0.000000 0.360555
0.719424 1.824459
1.438849 3.418350
2.158273 2.351037
2.877698 3.354290
3.597122 5.070046
4.316547 4.597799
5.035971 5.554363
5.755396 5.739405
6.474820 7.396172
7.194245 8.340120
7.913669 8.522681
8.633094 8.164199
9.352518 8.691869
10.071942 9.647743
10.791367 9.916463
11.510791 10.196917
12.230216 10.013380
12.949640 10.311961
13.669065 10.003810
14.388489 10.699180
15.107914 10.175175
15.827338 9.420822
16.546763 8.928812
17.266187 8.058587
17.985612 8.264095
18.705036 6.341951
19.424460 6.458810
20.143885 5.354996
20.863309 5.776957
21.582734 3.698519
22.302158 2.712516
23.021583 2.261019
23.741007 1.764018
24.460432 0.981269
25.179856 -0.070485
25.899281 -0.670542
26.618705 -2.098524
27.338129 -3.009148
28.057554 -4.078039
28.776978 -4.154135
29.496403 -5.051632
30.215827 -6.558012
30.935252 -6.861204
31.654676 -7.786464
32.374101 -7.091403
33.093525 -7.954796
33.812950 -9.656850
34.532374 -9.601688
35.251799 -8.538905
35.971223 -9.687569
36.690647 -10.559003
37.410072 -10.341342
38.129496 -10.151706
38.848921 -9.487832
39.568345 -8.828413
40.287770 -8.842707
41.007194 -10.171230
41.726619 -8.964779
42.446043 -8.586081
43.165468 -8.089380
43.884892 -8.327517
44.604317 -6.207679
45.323741 -6.229636
46.043165 -5.215933
46.762590 -3.448790
47.482014 -2.794058
48.201439 -2.143392
48.920863 -1.177002
49.640288 -1.442905
50.359712 -0.102359
51.079137 1.363667
51.798561 1.394800
52.517986 2.090209
53.237410 3.051526
53.956835 4.175926
54.676259 4.661571
55.395683 6.682542
56.115108 6.389717
56.834532 7.306692
57.553957 8.059937
58.273381 7.950848
58.992806 9.469556
59.712230 9.152889
60.431655 9.576767
61.151079 9.603885
61.870504 10.571846
62.589928 9.467674
63.309353 10.026775
64.028777 9.442023
64.748201 10.073200
65.467626 9.486531
66.187050 8.999153
66.906475 8.605014
67.625899 8.422704
68.345324 7.352343
69.064748 6.688824
69.784173 6.103013
70.503597 6.070888
71.223022 4.392389
71.942446 4.617094
72.661871 3.014669
73.381295 3.000676
74.100719 1.840974
74.820144 1.245521
75.539568 -0.427770
76.258993 -1.891450
76.978417 -1.787928
77.697842 -2.202846
78.417266 -3.499084
79.136691 -5.261353
79.856115 -6.166291
80.575540 -6.374337
81.294964 -6.274552
82.014388 -6.703146
82.733813 -6.970827
83.453237 -8.463077
84.172662 -8.872618
84.892086 -10.329515
85.611511 -9.773504
86.330935 -10.555491
87.050360 -9.445543
87.769784 -9.714987
88.489209 -10.059661
89.208633 -9.805916
89.928058 -9.311370
90.647482 -8.512833
91.366906 -9.026252
92.086331 -8.556795
92.805755 -8.384007
93.525180 -7.993518
94.244604 -6.498963
94.964029 -6.514115
95.683453 -5.880109
96.402878 -5.059882
97.122302 -4.530622
97.841727 -4.045560
98.561151 -2.073192
99.280576 -2.231384
100.000000 -1.071265
6.149114 95.694927
71.277321 64.102758
37.067998 7.316198
20.538382 49.233458
9.633424 3.231048
49.163127 62.740502
55.125853 53.625985
2.640132 53.614461
62.169146 35.503865
57.546261 72.608187
56.276965 34.518371
84.439104 20.751376
99.062174 65.098317
8.122970 31.566445
22.751397 19.346525
74.324888 92.040030
92.464694 30.174311
62.300140 30.201912
47.057540 77.724320
2.357715 96.924470
79.041222 36.751322
26.465889 16.270396
80.067298 87.884148
42.648273 89.549527
77.730427 71.220048
28.905363 14.546853
15.504020 54.361383
24.246059 92.202748
13.558398 98.560632
15.955329 0.624701
62.084026 89.118241
89.604962 71.942874
47.212864 85.790534
52.811013 28.856221
54.149497 4.763464
76.263978 79.509572
49.296562 27.910162
85.451953 37.391494
80.672513 63.540015
92.372968 54.967525
88.105377 45.755317
55.153609 4.346728
41.719806 37.740192
10.973997 88.322927
92.822239 53.125216
96.850001 9.754605
27.026425 68.961528
34.989026 66.165802
41.916561 88.538914
87.042410 63.664234
9.503790 28.118216
76.226577 23.918510
69.239564 7.714087
75.532426 10.611512
96.125354 26.296665
87.869365 25.249755
91.493796 48.961411
57.204534 58.555295
92.749095 41.623440
76.132193 63.928968
