50
24.891680 81.708694
39.806460 91.856082
18.017323 88.321001
26.607712 89.916869
23.744355 90.189773
70.029529 46.769860
35.581925 85.630269
45.662717 98.853141
50.636122 31.024726
22.870305 76.288042
6.939888 93.582107
0.577001 92.020042
28.934329 87.291175
27.328051 86.853245
2.057841 97.796745
28.102847 86.750529
32.231605 75.810912
13.799994 90.793531
35.273443 70.214642
35.864533 86.331002
26.748064 77.637793
63.389422 36.987255
24.795329 79.063319
17.512789 72.879603
33.369679 77.689302
32.765574 83.677930
69.999695 38.930108
39.978234 83.130771
10.854145 100.145971
9.189847 89.374678
11.679934 75.733963
9.651924 100.091810
7.955385 93.452005
64.780041 48.059732
68.585686 49.212257
28.003575 71.696908
8.988785 89.799331
29.190496 86.846482
64.165623 43.162473
31.725403 81.987273
26.565958 91.159677
70.363977 31.510768
-7.499421 99.161122
30.236701 79.639243
19.430938 72.918634
33.484591 90.387500
44.040613 69.803304
39.467122 76.576419
30.536376 85.026869
67.396695 43.429272
