500
12.679013 19.981858
3.671532 27.828568
57.401148 20.206417
70.002003 23.212952
37.513077 24.521610
71.380207 34.669184
53.278795 8.564883
81.126197 30.137499
2.058642 24.527617
67.681704 24.130328
72.179701 35.532174
67.232362 30.575955
18.651472 17.268574
68.113835 24.037018
56.930040 20.264056
21.253901 24.366670
8.757909 19.597162
63.070884 31.052656
65.904163 19.043638
-4.650026 9.475286
78.535442 11.334816
25.132090 26.206930
58.431479 19.776506
63.705424 18.340261
88.586162 22.716519
63.989098 21.061514
8.387539 28.655703
78.749327 25.164433
-8.273348 15.083285
-4.564379 6.855786
26.495297 18.081648
26.780559 14.776765
69.991694 29.545167
70.747141 21.008085
-2.627940 38.915236
-0.174743 26.046536
28.430182 15.250688
48.673834 6.267722
66.101849 21.999546
-1.421332 18.722337
-4.836316 13.335492
0.940629 28.899367
54.169818 8.257193
3.017855 15.501576
0.927688 24.977913
76.239966 35.144676
0.138846 8.214876
75.077562 27.590981
-6.947403 16.694321
55.516294 20.104193
78.890731 31.795902
-13.222648 20.107980
-0.299135 31.888955
9.177479 23.703534
22.111803 13.173891
56.426446 34.283697
26.912635 19.136626
-13.089445 17.980826
6.086452 23.166697
4.925028 15.853568
1.034946 12.067839
73.244570 20.183783
62.254719 9.511262
8.274478 21.576166
24.746531 24.824004
61.541652 9.783993
5.210179 8.315800
2.415736 26.108401
-6.824066 34.046206
-1.203692 26.048010
-5.195622 21.180633
58.231930 22.453616
8.782875 17.867978
69.837060 34.328644
3.833569 13.907352
49.962085 15.074037
7.525297 25.157337
75.560426 39.934414
3.874554 31.286825
-15.425111 35.239913
17.533988 26.999033
22.165950 12.588785
50.987557 7.406616
80.175103 24.987868
18.366216 14.981907
71.695136 42.466261
33.199034 27.499235
20.061888 22.388543
49.273946 5.846517
20.504406 22.909878
17.302102 25.716200
1.408946 17.055591
57.565575 30.007859
15.854805 21.163784
-12.180174 24.706763
64.148535 13.517065
-1.902064 10.719202
71.625838 32.786453
21.639038 24.996427
26.126137 8.392461
-5.020793 18.777016
-2.465637 2.705481
8.304029 30.207787
21.199893 16.355641
-0.889932 37.587717
8.190863 12.075405
3.585885 28.921671
54.553016 36.124242
4.075537 17.617371
17.287184 16.839497
-6.457358 39.400850
43.792150 21.950761
77.530433 37.582191
5.123560 32.051222
14.444032 19.970284
32.833897 28.027912
19.494360 15.872624
11.630923 15.844650
57.244438 39.780583
1.450969 22.263519
16.014880 26.651020
24.807527 15.100535
-1.247202 34.608436
-6.081681 36.842369
2.117408 25.958112
26.420049 14.311910
75.898304 27.376027
52.583622 15.225702
30.342772 28.451045
67.766370 22.933820
70.704624 26.215775
-1.887546 25.326181
4.604639 28.506110
14.816002 16.056826
26.455361 19.742988
3.618892 28.814476
57.478387 39.448529
8.648694 13.911129
12.181490 2.575187
6.200448 27.314217
24.192019 7.508558
8.653450 34.981663
-6.492332 26.376201
72.020454 33.408321
71.829830 32.446788
17.453209 35.103937
27.252550 31.661045
0.303849 31.835264
5.770852 21.717124
71.045178 35.557053
52.315743 24.957822
-0.517044 26.080171
22.685443 12.565221
70.378104 7.359700
22.947973 25.883093
55.710093 6.124092
61.662437 5.828459
10.397654 20.669343
58.148551 26.588119
61.749173 16.952585
75.596507 31.970862
67.452232 33.690104
3.020487 17.888183
3.860593 9.359401
3.475148 35.525794
10.630953 14.912284
29.692580 27.520724
8.445831 29.154377
78.984551 17.768771
5.873048 27.325970
6.585600 21.581757
27.916492 23.438158
78.409484 25.991443
-2.578821 17.595332
12.849906 16.195480
81.918326 29.379066
-0.803969 27.522042
9.643854 20.932339
28.568561 13.189843
27.972942 18.408190
88.296950 35.332292
8.246725 29.250433
70.354439 36.615217
63.586375 14.192153
72.386485 20.728420
53.365779 17.340020
21.326483 20.411791
88.176908 33.491847
-5.076920 9.665041
52.797555 27.759851
9.893162 33.188774
73.472689 34.393146
69.346343 22.480903
9.173492 12.654579
58.400337 13.628486
83.917069 22.178441
50.294210 10.764387
71.091455 23.790580
78.414174 27.554856
6.473246 10.828632
-1.679114 24.865862
61.627313 8.886533
10.548057 42.671560
7.539868 17.865216
22.847878 18.310264
53.052623 24.670543
9.370070 8.406579
-5.226425 22.296586
7.366990 29.303416
-1.223424 30.023901
-3.557462 26.432452
24.427819 28.391786
67.769292 12.108483
0.045965 16.875173
0.844203 17.094366
72.289511 25.168467
75.837448 28.637753
66.498099 40.602443
30.089149 22.420614
17.202994 28.293122
22.564980 9.326620
88.351443 29.373369
66.777259 11.478344
-12.846040 14.964980
59.346226 30.952935
58.458854 10.727580
69.233578 31.653045
59.144844 11.785603
63.916770 33.483399
-0.861611 19.211537
63.198837 8.185920
32.369672 19.399350
66.048407 16.898324
80.794043 19.755545
70.814614 29.402350
8.541269 24.639390
17.788240 22.189049
3.242918 16.169191
81.898407 33.092236
72.467759 36.270651
67.211698 34.868875
72.421984 30.556233
-3.718727 28.509943
5.204699 15.198779
14.729229 24.698331
81.041039 22.925567
57.927537 19.538492
5.513351 14.947099
29.886636 17.418496
77.441875 37.402164
52.761618 23.137967
38.329168 21.386876
5.883510 21.707172
1.449397 18.014099
21.767695 19.773709
20.271143 23.976091
3.383239 34.240619
0.475956 8.860041
63.948271 38.552973
-2.428697 29.444594
-4.913652 13.753801
75.288315 17.459476
60.385720 13.482551
14.405071 22.357012
5.664279 30.061789
0.558678 20.717078
82.863982 35.261258
66.826510 36.907927
57.741372 21.233161
34.524662 28.350420
76.452936 28.473416
-7.437651 29.097852
74.713169 41.699693
14.250461 26.166138
27.809228 20.777886
82.761522 28.714616
57.783305 10.895094
78.344925 35.072502
50.699759 15.217776
20.086735 21.730881
-3.914193 32.318206
83.352280 31.489810
25.916062 25.179489
4.770047 33.364532
-3.232464 17.558922
72.494072 32.674204
28.420639 20.580923
-13.195424 33.087279
-6.342113 24.099217
11.455280 11.088068
65.734170 32.071396
76.887565 21.086682
8.966887 21.228328
71.023829 24.805016
27.257243 25.030173
77.289818 43.408093
-0.066363 28.674471
21.608213 18.053448
67.594803 28.755221
14.539626 32.025618
34.375710 27.069020
81.075409 18.635374
-1.362256 20.652190
-1.213315 19.204148
-6.617585 22.906158
66.832034 37.207294
23.265678 18.566390
20.675036 23.633275
79.872112 29.450663
-3.408916 13.923490
7.180451 24.340005
27.899409 24.340104
14.261367 27.014759
18.910383 26.111312
24.300955 17.890191
64.534683 32.501973
-2.364251 20.867550
10.381135 18.988207
9.533435 12.665682
-1.573783 25.005865
5.463163 29.093266
39.409543 21.207360
66.195167 28.424425
63.146821 38.569928
59.850219 7.397613
10.218680 13.943769
62.432327 24.785933
32.773560 17.526332
56.406842 10.566756
68.987900 -4.497385
4.634799 9.169520
31.058406 33.194779
-2.320695 25.437335
16.420800 21.320423
60.046555 20.980865
69.054874 29.692355
82.719902 23.821797
4.734348 19.269631
68.985151 24.623862
64.935672 20.806169
15.122611 17.102195
63.271093 23.769590
88.700025 26.981581
-2.291213 27.377497
69.110338 17.336473
73.141820 35.632879
23.094564 21.493569
33.301665 26.601802
12.496434 25.344762
6.134382 25.090181
3.657041 29.701934
4.559861 19.529006
10.088740 13.168252
18.550544 10.283563
19.602684 31.189850
74.920103 25.039518
15.897232 16.234653
-5.160283 26.950837
85.724171 25.307759
15.808485 31.923829
60.877762 21.173645
52.799795 19.526115
23.407248 10.568337
15.901513 36.581240
19.954865 22.604213
3.841644 18.822697
20.985725 24.483762
71.342737 34.773530
-0.642181 36.759871
70.600299 17.342400
69.622684 24.598388
13.556146 5.621831
0.684703 23.902966
-3.265270 16.922180
0.026125 25.304944
-9.182549 20.808777
79.934872 29.393865
74.013218 35.693347
59.936153 28.336495
61.977493 15.710256
23.744730 24.028608
22.247871 25.208157
71.846273 31.587229
-5.413633 17.375528
66.353212 28.210490
74.198840 20.503589
53.432383 11.982986
49.418976 18.122624
17.038413 15.506394
-4.467003 21.497507
21.279548 18.505935
1.722313 21.322190
72.195336 22.424372
55.682404 12.549419
84.607236 34.159761
34.369405 19.500100
-1.466110 7.481598
68.080478 35.480269
19.073726 16.689124
-1.176863 14.016265
4.192385 38.722291
82.255488 19.012798
52.894192 21.506556
3.047803 17.739163
5.936704 14.130326
78.531500 26.515516
13.546848 31.067444
68.751533 22.855344
-8.420011 29.819001
80.601540 20.264145
73.308867 15.047736
55.397124 16.396963
47.720206 11.496503
-12.333956 15.690588
14.747099 29.643763
30.661096 21.969484
0.693787 15.709442
73.114346 44.584507
31.408510 22.364881
-4.674151 22.104310
20.521082 26.333565
6.603354 13.694293
56.439504 10.006489
68.354903 28.786906
55.475232 18.891192
-5.581805 36.264227
30.093308 18.541943
70.249367 8.021227
8.758369 26.007570
18.098509 14.243725
25.368596 26.488801
70.702177 -0.993687
3.232265 17.765495
-2.588212 17.583165
62.035613 11.151302
19.234726 11.442433
56.181234 14.443137
70.954609 18.967371
75.748678 32.093460
16.276198 22.462145
79.374696 30.116760
35.324901 18.754388
87.652995 23.978844
12.269917 24.847304
70.228119 30.336711
7.685805 25.856470
69.815311 17.025009
22.690419 23.773564
15.300305 21.765452
2.440314 14.915810
53.416198 10.412955
12.522945 17.627174
27.674431 23.814012
2.292557 21.327311
-0.177901 16.360751
59.589037 19.761948
17.599770 14.619752
27.402916 21.282698
83.910866 28.417742
84.995705 28.814409
73.496028 32.313010
-5.301816 16.688201
9.667854 14.762554
10.656229 20.337613
5.217472 33.738094
-0.030330 32.523677
46.727917 19.369067
6.475216 12.768787
19.721581 23.361039
10.467487 18.837703
-8.260808 23.323775
-4.760149 17.330745
27.339865 13.939804
-8.156638 11.881811
26.224348 15.697666
33.050591 22.818718
29.674294 31.040457
10.327001 15.612060
62.139329 16.042447
70.437544 26.594667
16.025980 24.459100
18.658213 15.303833
22.825801 10.265136
68.836098 2.986973
45.331539 6.676138
2.385486 30.815911
71.622024 45.810286
74.277977 30.522323
-2.368860 24.217948
2.851524 12.697489
51.911498 5.057991
82.801227 17.948538
46.235633 25.281210
-0.310407 34.946552
-4.256303 24.777404
6.358978 17.807798
19.868131 22.677527
57.888151 11.350586
55.477964 21.589056
80.776555 36.612494
