1000
45.963043 69.906579
37.943383 73.728859
67.904624 64.028543
39.122395 69.897546
60.416683 54.870018
64.863693 59.634969
62.430992 68.163795
-0.809068 82.119214
50.393138 71.886285
70.350281 63.807786
37.439212 81.219003
29.685069 71.008196
-3.182070 75.555194
40.654836 68.757612
63.769056 57.763762
53.581870 80.278465
62.166279 67.667687
64.658189 53.247171
48.392338 65.855483
40.822215 66.493806
49.515284 53.284847
55.297333 76.547793
43.714947 78.677970
50.598389 80.026395
50.876765 69.163033
39.870014 55.478154
61.715800 60.159832
55.528311 63.272828
1.379242 59.210825
57.973711 77.081272
16.066075 80.374069
47.507674 75.257123
35.107710 69.318453
73.738767 49.590177
47.547603 68.002404
23.385774 62.390900
45.248212 83.578850
35.354924 79.577494
34.762889 75.601015
24.141866 68.099510
66.553610 71.042961
69.808378 57.726325
67.664548 48.378962
55.356724 63.944099
61.757353 66.828358
70.742028 59.216882
61.799286 67.624474
54.741165 62.414510
24.987078 73.968501
71.906797 52.136220
3.889896 81.809785
1.045650 59.491635
35.198713 57.091962
22.329771 81.621958
37.170795 78.278828
66.209809 66.149564
46.393981 64.783857
30.107077 74.199729
62.621660 55.507600
9.478714 76.110782
3.196811 80.571802
-4.008886 59.899691
27.314618 72.835759
44.919611 72.189820
73.231300 56.363788
36.557130 78.749000
39.416667 69.008551
54.877694 56.486940
39.016658 65.565699
18.776108 67.935708
60.677897 57.393419
52.407975 74.513299
75.991355 52.635323
65.762759 58.624690
63.741655 64.587228
56.787317 71.688274
76.135057 55.263996
-1.055231 72.611624
71.658404 64.953445
5.278841 74.132384
3.462479 68.286769
24.491465 82.194596
68.827295 66.680347
40.437595 75.505622
51.532035 68.337167
48.175136 66.297238
9.424642 71.382000
-0.882615 71.911926
55.343098 74.322689
16.626681 68.007088
38.055855 66.778076
6.737182 68.011119
73.134760 45.444100
-0.035458 71.424174
39.115488 67.019138
9.061550 79.531706
66.094376 51.101798
62.883931 70.025169
46.867517 66.102091
52.150025 59.289356
33.461835 75.037432
10.083381 63.668413
37.729956 60.557254
3.355839 80.298422
26.378585 80.263019
29.276642 65.212836
37.511402 61.994639
19.065355 74.971306
47.242982 64.354892
-2.036843 79.963161
11.283762 65.752876
43.731434 59.747099
29.022453 87.248061
43.644880 69.254018
32.477213 76.974831
36.699764 76.790031
36.621659 82.270414
9.992610 65.687453
33.067951 70.840216
46.010342 75.445527
3.425244 60.112656
32.911872 66.017637
63.939433 59.819360
56.349988 54.800237
55.834988 61.079238
35.572647 57.452276
35.216427 77.583785
58.815732 62.981040
65.052130 55.306534
57.996518 70.186557
62.443366 69.269182
-1.927347 74.944759
23.909657 77.879462
49.433989 70.666495
46.587259 59.256540
42.908600 61.502079
34.425045 71.871193
9.640181 72.939402
68.260432 60.254379
12.273307 79.470217
71.608246 55.885024
68.891915 58.568851
62.081317 57.625911
61.300627 65.734898
38.877395 68.868191
5.363602 75.974406
41.259382 73.049762
9.789476 75.160582
51.324658 70.529880
76.003098 46.063332
78.443531 57.587350
67.355072 71.177922
44.175373 58.841950
57.438353 71.175684
-2.766421 79.292675
61.990150 62.060491
0.937929 73.051365
47.862204 78.827300
57.617596 83.999200
-3.589190 62.763804
70.291083 54.835122
26.072111 61.010928
6.353180 63.762265
35.271733 62.701590
10.133103 53.548469
64.309664 50.880862
41.379397 89.331299
64.651900 78.217021
63.444416 70.184522
2.385606 73.846567
63.305454 56.479245
61.367958 65.814872
62.391529 59.320410
4.693829 69.520078
77.913565 59.929566
59.119435 51.905195
42.483845 67.005674
74.453736 65.261440
29.325756 73.835651
8.517892 71.583713
33.430555 67.932968
52.624925 64.969282
32.951918 68.472235
3.089167 73.154130
74.155925 63.007436
11.390477 54.018791
31.458178 71.826289
44.245729 68.225256
46.034566 69.339238
52.307830 68.931425
34.472324 76.097202
30.029667 67.252708
31.109741 81.375935
35.236570 67.275473
59.661650 52.331356
56.006569 43.908442
37.655465 62.915581
26.178441 75.396619
57.422434 59.363751
39.110037 69.663070
36.836811 84.248773
74.848935 61.073770
9.035542 66.668856
41.376760 65.629044
54.381782 68.507409
5.247728 70.711507
62.698594 68.645764
16.392088 67.389699
67.578138 80.323468
58.302957 66.458883
44.977467 54.008386
32.997681 70.018126
68.705478 55.793824
64.060790 68.952347
67.340512 65.819237
10.892757 69.033702
39.914173 72.849395
47.124382 72.397790
20.639702 68.676577
34.881527 81.744619
20.940829 51.017669
38.218438 66.228708
70.700280 59.771088
32.908305 84.425100
63.802923 70.274080
55.379666 57.665810
65.144218 78.311870
44.774703 70.395989
-0.625059 60.483204
10.834278 73.898240
67.032721 68.680222
47.200882 87.688330
73.389062 59.919263
84.251440 54.944552
65.978810 47.453009
49.337950 63.137556
52.235833 64.280161
74.943898 58.709726
65.624237 51.839764
47.875631 80.048081
71.430693 60.488178
11.831216 76.457363
50.201509 69.476844
44.846776 54.158683
37.841288 77.886558
6.715341 69.825234
32.271432 80.736470
48.000417 57.899930
64.282571 65.043559
-1.302973 80.535889
2.189824 65.601882
7.476183 78.603353
56.395721 68.609106
56.508004 79.017139
50.689199 74.485099
64.358347 55.637779
42.353610 63.173417
12.875609 59.285030
48.181220 71.549808
69.816969 61.746262
67.494893 69.602062
8.205175 70.444977
7.158878 75.726002
66.356521 52.926714
36.633336 70.097637
73.920142 50.475665
60.069616 63.665830
47.241670 58.981193
43.640514 67.368355
60.168911 75.792740
50.758615 68.820206
0.974604 60.148875
42.224616 76.563698
32.325315 64.442012
27.150183 62.926049
42.624713 77.735780
61.991830 63.961231
74.114041 52.825478
32.026638 71.557607
6.969659 74.672828
39.465155 66.559902
60.778618 60.706500
4.441392 71.883332
12.244476 62.038159
13.502845 70.361284
32.501081 68.787545
74.311534 55.142791
45.325784 78.083060
12.142429 77.142980
50.301765 68.447290
5.477384 73.671553
42.149336 78.151870
47.582717 67.607341
79.354859 56.577769
7.836078 69.226946
9.645364 74.276863
31.554422 77.933873
66.966922 78.867919
59.128707 60.966663
44.095562 62.555705
43.547735 51.687731
41.439686 68.064934
40.513492 55.811520
51.029452 70.091045
75.785052 62.126207
44.233451 75.202879
42.336410 71.829820
57.276503 46.314252
37.761737 70.585347
40.687173 66.667530
56.377264 67.972150
34.650509 70.916747
48.479214 64.890798
38.050809 69.681789
13.889035 59.870976
45.026844 75.927087
53.688542 73.255927
62.508283 57.644209
64.047154 62.940459
10.045068 73.296388
35.766975 67.227279
78.649919 57.488956
33.174734 86.580408
38.073839 69.016342
10.272659 68.190138
37.683796 67.305709
8.002210 80.586884
3.443773 79.285473
30.587838 69.492837
10.889907 78.962292
45.253853 78.000692
49.565260 60.309091
63.668088 62.162781
65.440990 44.911377
34.800060 61.603909
40.340879 83.015187
25.383694 61.506744
64.688220 49.251199
52.536389 73.477960
15.688661 79.496840
67.093757 60.578076
35.553335 72.285039
49.624943 63.034305
66.258489 59.567412
23.424152 73.885649
39.789440 71.437571
46.962612 53.893131
1.401266 62.602761
58.265342 76.626236
82.557094 53.151307
70.391416 48.998337
9.443431 67.911939
64.006577 79.866067
55.630857 61.861201
32.233457 67.968960
9.783714 72.275440
42.415558 57.144765
39.496103 78.672290
57.929472 63.020348
46.531374 61.346196
68.088843 56.665424
59.528704 77.605031
7.041330 75.626414
67.159594 43.802496
59.729671 65.652268
58.395541 65.822748
31.268451 64.019892
72.849368 53.898870
54.037757 61.927492
73.728745 68.194993
23.259357 65.517200
45.988606 57.885876
56.303426 64.834900
85.003252 69.557628
69.472319 72.788771
31.417462 59.073937
64.271740 55.265322
40.428275 69.420297
-0.344396 71.213015
1.447831 73.396816
62.964824 72.714396
33.374893 80.520153
32.712454 65.880776
31.336519 61.929982
57.741984 70.644757
3.796341 75.524098
70.848336 81.108648
10.969656 82.093031
72.120354 65.407186
7.774634 70.186942
5.604024 78.488098
17.334903 67.384317
5.666998 75.424824
45.751636 63.450832
6.643515 71.117622
58.449563 58.825798
33.430883 66.656591
2.204419 62.290182
51.418554 61.398024
7.087502 68.026335
39.435101 68.049363
-4.857833 76.785913
13.811925 70.191185
42.839220 63.338297
62.537240 53.087438
66.808670 50.202412
53.196895 67.393941
26.921521 68.487427
51.844115 65.785074
60.708476 73.814703
17.009470 63.145793
63.067855 73.194187
2.587950 67.580558
41.128389 65.402863
37.783250 58.599981
38.316560 69.653912
34.257919 87.205171
1.208989 73.707870
33.327309 68.884133
60.406459 57.284208
42.580107 74.094864
51.920205 71.712202
11.907914 79.071041
54.302693 69.249314
42.117510 66.036863
68.941467 47.498044
34.072817 79.202661
45.853542 68.245261
59.115616 71.958315
4.888080 84.333407
51.296737 56.172025
39.101378 75.390259
11.594544 73.562380
12.986234 78.537055
25.199677 67.149752
50.822554 72.340432
0.585957 72.363899
52.550801 66.986965
22.437627 65.686668
7.119907 69.320659
31.883622 60.646276
29.740530 68.028738
36.901155 57.553467
80.924883 47.452700
70.839176 59.831061
71.965651 58.996011
29.940265 71.144403
32.575004 84.128115
57.618437 72.953237
71.827093 59.047355
37.448361 81.941765
25.825480 60.097021
66.203761 66.438997
60.864492 61.729589
77.933143 39.870212
70.809010 50.452984
62.419723 74.112750
-6.223328 63.474399
12.689395 71.873658
20.336514 70.776363
63.514684 68.263225
78.384486 71.335765
71.178627 70.233980
63.446404 46.152813
37.627236 58.972133
37.310628 76.118411
-7.633877 71.813251
24.943310 82.698584
6.877262 72.468565
64.951013 76.220008
36.547371 71.962131
59.242466 52.827727
54.979330 66.883249
32.295610 72.621753
35.521241 72.659615
9.164617 72.076854
29.184296 78.699604
61.468897 60.734738
48.361554 64.426084
58.884921 58.850082
41.100348 76.424601
43.748025 56.528247
-0.048769 72.767113
79.105940 60.808830
37.156420 82.046060
37.321562 74.874969
31.562115 71.543071
27.848004 72.727688
35.286722 77.629932
71.029192 58.721309
29.988672 80.299098
-10.277198 72.360024
46.781799 64.922921
57.388456 76.756689
33.912468 79.780429
69.218492 63.404900
10.280456 67.737727
51.878153 72.236267
31.376161 65.613144
-3.281065 72.867159
20.339892 72.897858
3.112606 70.827091
49.852436 84.110247
47.315453 83.575218
40.557167 67.539974
71.994356 62.485051
30.935393 70.026133
37.330407 65.779296
71.406556 56.119904
64.083961 62.813139
51.967277 75.300089
49.194316 69.551866
38.556609 75.030636
-0.921474 61.102019
39.518517 73.383151
-0.895524 79.956357
19.601507 73.095427
61.976594 77.220675
44.090326 68.976707
54.472500 51.093375
77.966682 53.551783
36.927572 65.777624
47.866779 71.784817
63.674031 66.178014
29.987956 72.345134
32.701252 78.390420
42.428520 61.243061
25.826690 80.879724
39.028429 63.892483
-0.393956 61.446859
69.315615 67.547388
39.303581 83.756197
46.203602 63.240071
74.025087 58.511186
70.045992 69.353778
57.393240 68.642485
40.162953 76.599371
48.478466 70.369005
60.613885 67.332550
65.173617 57.148071
72.573670 56.685835
78.303610 65.554197
45.783673 79.105615
67.625751 71.439767
26.298246 70.355231
7.741932 67.238899
12.535333 67.971425
54.187578 56.795584
3.902852 71.725146
55.391754 62.560920
62.367158 63.196066
35.204068 63.452902
35.148506 78.062638
72.409639 56.183151
72.267552 42.125593
61.502559 63.881754
4.892419 80.599994
45.297026 63.645359
43.207776 72.074995
64.049269 62.981201
38.732988 64.784542
66.120815 65.077495
61.947821 58.491148
63.870944 64.819725
72.535907 56.945899
40.867052 64.571367
67.526569 73.459496
58.327908 61.341959
43.529504 65.457296
63.691974 58.754147
5.174223 78.152054
38.804704 68.601551
28.961815 72.987746
68.813401 75.000898
55.143542 54.519805
39.211628 79.881086
65.677853 50.530596
34.422474 69.019103
6.266357 78.012057
66.407807 49.803650
80.037766 54.918641
26.840480 76.979732
19.429694 82.228613
31.375871 81.740222
63.105360 64.173230
11.185493 68.297760
42.723062 61.761539
58.129673 63.456611
68.650978 57.662267
46.664587 66.511015
67.165301 51.156524
58.842029 70.054420
33.511669 68.136696
38.955737 80.002539
56.115993 59.619716
45.054270 71.787796
25.107191 72.196131
54.125975 65.575840
4.368993 72.686892
41.883225 73.693420
32.663183 78.889110
27.386405 61.220642
61.970679 62.883445
16.427926 65.196852
37.511243 76.572112
35.082490 80.457173
9.368456 65.658691
66.807087 60.541024
56.463904 70.033331
47.170296 78.103884
4.861435 78.850873
0.387422 67.741838
-3.031690 69.470259
68.650611 51.462814
35.024062 85.850435
-0.283969 61.479534
61.494404 56.683955
24.820154 71.427143
60.246282 73.874449
31.192705 70.687057
9.096252 67.687759
68.875045 60.973918
31.752799 64.992713
2.574148 69.666878
12.412084 70.781599
65.295247 52.689076
63.110331 69.004739
47.012975 77.244011
68.116494 44.563679
28.740133 74.379048
48.186730 60.448240
0.929755 71.411684
36.785488 58.821465
15.544625 69.532913
15.944622 78.843803
27.955423 71.761903
51.010132 72.611929
26.226825 57.558840
66.311622 62.205773
55.727074 55.686710
9.548227 84.275966
55.490037 74.804158
59.890572 58.377851
32.970638 83.745377
37.005454 75.322422
71.941231 53.853990
30.086934 64.190246
71.896648 56.386626
63.403205 42.305682
54.562918 64.056965
64.384643 69.884725
70.890194 65.009421
7.588476 65.605746
31.486610 75.978604
43.674945 55.351210
77.722161 52.972471
9.363167 67.644280
75.835521 74.596017
7.398333 64.980557
71.544135 58.012410
54.833405 60.825860
3.734898 70.369986
0.520109 81.051886
32.555237 57.129810
78.602025 62.061387
36.024002 65.645430
18.405344 88.402756
16.717399 76.544082
51.997265 60.346899
63.240206 70.296350
58.508534 50.455957
82.838286 69.966879
1.667270 82.658447
62.530723 52.979258
33.674784 74.235420
5.573247 69.232169
70.729694 61.153359
58.687463 76.433487
6.249750 65.139824
11.412199 81.256965
59.415592 62.009726
54.217321 74.696995
42.204564 74.720901
31.494261 74.451174
72.950573 67.031533
68.197718 53.903282
29.496609 69.404557
44.530913 71.475956
76.147584 50.007709
36.130605 72.817235
58.022465 59.376302
33.838342 57.032685
43.981547 64.895832
31.965967 80.041472
72.531471 54.542438
13.746316 71.738850
31.497867 63.328092
43.461665 61.935256
58.240216 64.372363
75.223407 57.466526
4.630273 71.388771
47.335725 55.119367
46.459547 66.948871
-3.445047 63.360167
8.465958 61.917785
62.975024 51.245660
58.631597 64.516467
7.337924 66.161285
3.459317 71.122541
53.406784 78.847064
64.557105 69.831895
6.365668 71.731313
-0.006156 75.235958
29.562334 66.246405
45.294283 60.316647
1.743615 75.405952
11.620975 75.931127
8.619910 78.087092
46.109871 74.899199
63.430608 63.776675
24.175245 70.070539
40.367475 80.879943
72.003608 59.881412
33.888634 78.268769
32.895959 73.749927
27.400247 82.173037
74.236180 52.428285
71.770556 61.826060
42.396565 76.269327
28.202339 71.039115
54.686905 60.882443
51.758272 59.115311
26.657359 78.768160
37.678159 62.451425
48.865573 56.637324
64.989441 57.128058
26.145344 86.105644
60.375163 63.339910
66.273660 75.277837
63.027949 66.004283
69.574668 62.217267
-5.023898 69.830529
41.645394 51.915823
5.597462 69.212122
10.002501 72.979050
35.476167 71.980879
38.771946 79.979112
55.829931 69.374355
70.933920 42.838017
19.018716 71.839389
57.737106 71.750127
50.098627 57.742753
41.439852 63.085287
68.016011 55.008941
61.731028 67.131930
6.369205 81.363216
33.069191 70.900593
76.604985 82.684207
13.947298 66.485974
32.642178 68.211613
70.085059 46.155403
68.473389 61.005050
37.934440 74.072859
42.770009 76.648376
72.733548 57.393150
11.300979 79.976580
75.491420 59.197011
7.629053 76.218780
67.625305 72.531075
17.459861 81.549322
2.600764 65.599217
-9.040262 67.379423
33.618521 74.077168
40.655751 66.884097
67.803742 63.081506
-0.935778 73.221546
64.194805 71.557877
24.042352 60.553157
34.495833 63.568762
22.593555 72.284871
71.813345 49.786447
78.004095 59.381639
67.141920 71.428584
65.007541 45.145763
7.884476 76.859577
43.199926 77.615251
70.788932 79.342909
74.106285 63.982679
53.668504 60.442871
62.073266 51.581437
72.457962 63.925975
44.373074 75.113547
29.582281 66.521722
69.306885 55.147704
36.898893 76.479313
28.401986 61.814572
13.963962 68.577382
33.229070 56.477856
72.863954 52.299437
44.749897 64.199606
66.383324 51.124650
16.338629 60.541696
10.572438 74.422406
41.050570 76.841113
47.518020 65.092826
77.994529 59.274635
36.851530 73.226844
35.653314 67.979600
13.568544 72.541561
71.354763 53.747102
7.531355 65.752921
-1.303137 78.130168
53.144079 60.692233
-1.180493 70.197499
26.807607 80.744825
38.576145 84.295797
38.623433 77.273794
64.979472 63.564657
74.189870 47.884344
64.868530 64.845895
72.116554 64.394310
72.246410 54.481626
49.808633 69.514525
51.326610 60.004437
1.311616 59.119442
67.663341 57.778197
32.538061 59.134595
79.677511 50.904748
48.718042 72.141939
29.289484 67.801269
43.259370 79.554425
40.216949 68.563668
20.860350 76.248943
35.128818 76.960532
63.183117 56.538766
64.966509 50.829214
5.360319 57.277988
66.997333 63.856017
46.787507 72.387500
66.897295 58.678467
60.371518 62.963619
63.972419 67.880196
35.088910 84.114596
1.152421 70.192298
27.660852 78.789587
57.508650 63.512334
60.304237 66.201318
36.986155 69.895360
50.975228 52.591201
0.727177 72.711118
67.600893 68.065119
38.292340 78.108742
66.950264 54.603980
39.675636 67.907435
33.061674 77.129830
9.109013 80.372995
41.153965 72.747879
32.172143 76.441676
11.700552 72.274179
42.929640 67.649574
30.725250 79.063880
25.855961 60.765226
-8.814966 75.751955
63.795701 59.399414
40.777718 72.768383
58.061030 66.637659
63.279946 63.602975
32.443907 76.114039
52.462567 69.132096
78.074953 57.405395
32.783409 73.791134
37.351983 79.045458
59.902003 52.566161
68.835003 56.020860
52.038179 65.269962
56.694330 74.751783
61.144944 54.099899
54.916517 85.890134
67.413055 72.600844
61.999359 69.771678
11.873887 78.932315
34.002847 68.104468
65.175980 61.894347
13.290996 60.582368
73.023286 84.839207
44.653832 63.479054
60.617980 60.063173
64.187457 73.369804
42.910170 75.617550
53.936556 48.023371
54.337423 72.731887
62.767741 72.570562
66.401309 64.222945
13.214318 68.975838
75.220434 59.745418
64.175704 59.282797
14.165143 72.291909
12.347765 55.649681
56.653556 69.130151
34.009110 75.454628
73.294295 59.063707
54.089682 72.683645
65.393448 70.836793
63.735668 39.866566
37.132404 63.759833
-2.073641 71.993078
44.225563 79.504232
53.277236 75.081551
73.022665 55.955722
70.811743 62.541071
65.442253 68.479346
79.994809 46.044967
29.603773 71.761953
32.391099 68.076077
40.670829 73.949363
-1.652625 79.205261
35.931979 64.717524
9.239430 79.574468
-1.645657 66.361519
33.951391 89.765821
47.040957 65.211642
45.065606 67.369903
58.324272 54.526402
30.272606 76.346316
47.782115 49.190658
75.071512 81.475353
68.252754 62.487563
66.516491 55.845205
-1.968184 67.886118
3.624469 73.116268
39.055705 68.414527
68.323643 59.917840
78.045717 45.903830
64.859855 60.366326
36.718710 75.458983
33.290703 72.600137
35.389801 67.342964
44.528824 65.197050
58.782263 62.831779
27.106618 69.817915
2.309665 73.985034
63.558644 56.566585
-2.988705 63.209691
34.253008 71.682034
66.613092 69.036398
62.585059 58.619986
0.993634 66.812945
34.061344 85.200332
39.826737 68.337225
8.013254 68.949277
61.466513 72.508516
36.208974 75.868859
-1.590661 78.529458
73.663599 65.999297
57.678534 64.861047
42.210449 63.545833
11.496113 67.012317
39.192632 72.931251
44.567767 72.246815
50.617454 76.591329
22.655291 73.894606
58.820347 47.677167
2.732181 72.959872
73.585196 61.017344
34.963180 60.515535
-0.216887 88.771601
5.276125 64.773541
40.176903 78.855698
-3.896131 83.720693
33.309086 64.051026
33.761121 71.331668
76.536375 61.442175
67.998327 71.829464
12.037478 71.004086
48.416661 69.238220
76.879658 52.425384
32.050250 74.492237
34.777258 64.696371
65.110089 48.125272
30.909581 77.050844
55.704011 64.103434
4.892906 76.497206
48.671573 72.190421
30.687078 69.368105
43.966666 64.229290
65.519490 56.356158
11.112313 81.142478
28.714941 91.286751
6.911684 65.890921
65.108021 75.916334
46.007264 69.433553
11.535274 65.390483
32.646036 68.486635
32.168467 73.928950
71.268812 53.607299
67.696696 54.315143
1.604469 81.616291
60.398928 63.741703
14.750232 67.143593
71.221923 62.758496
