200
18.239514 43.145359
11.199556 57.243294
84.020919 -0.083656
22.147176 48.836725
90.103538 96.750450
81.177566 5.461960
38.688709 21.632796
91.772434 103.374875
45.757053 30.162572
80.392483 0.571590
93.675228 4.608741
12.911187 54.032405
14.519127 43.317738
47.939264 25.304910
44.420141 21.655249
17.960676 53.691933
41.438440 23.783626
20.345645 27.539109
92.736811 9.989531
28.790778 48.221385
36.366762 35.616897
96.334153 1.230027
89.424421 9.742996
78.331328 96.632095
88.657634 -13.170338
46.917174 13.907620
85.974283 2.508727
2.154524 45.998757
16.295636 39.504137
80.683505 -3.323884
84.368765 -2.751928
17.606132 56.803066
20.223449 47.686150
17.940447 56.650676
82.431383 96.807765
95.611347 94.928709
82.782421 -3.658084
89.422963 0.411236
30.238515 22.281171
37.749463 29.601889
40.631600 29.456021
13.631744 64.914009
42.717772 16.987049
91.855874 -5.990220
14.499338 49.966859
11.188025 59.669102
41.682840 32.793467
82.522698 94.470232
94.918577 92.549741
78.851951 92.938045
44.402750 30.779034
35.108239 24.650322
87.254544 -5.676735
81.466222 -15.570957
21.581404 33.554219
82.904654 95.538258
84.486667 5.480741
85.504336 6.007053
43.295288 25.035410
20.592414 53.444385
16.073241 51.720888
9.631868 54.077197
20.126353 56.707806
45.825505 30.244315
45.515650 20.905639
86.217841 -6.990120
92.414031 97.468617
94.657774 0.633908
19.185914 62.240094
19.960510 50.580876
24.786947 41.773285
88.386772 5.641235
8.905361 46.605146
80.425228 9.756714
9.342883 44.252596
95.619326 92.424073
92.786889 6.062125
19.358040 49.644358
7.878276 38.545940
102.836303 1.739236
51.278043 25.984739
30.844677 58.617774
41.337113 23.820379
31.667265 22.462788
102.244581 102.911008
82.338884 12.318766
42.304270 26.753668
31.518024 29.351747
79.620455 91.197303
25.929023 28.226956
86.591881 1.452153
103.672350 0.999895
26.160664 50.579446
30.387554 25.075198
50.298827 27.830074
84.903415 9.265684
13.149284 57.321995
24.739842 56.175818
27.686862 31.655294
85.853854 -6.860758
11.072915 54.119552
30.479291 45.180896
92.619422 5.326665
16.724810 53.906599
14.682606 50.706277
91.179924 106.024867
6.155318 51.387105
30.012902 32.025027
42.667952 21.134147
38.018641 36.711388
36.653539 16.448413
42.985763 30.899910
14.847411 28.674752
6.517483 51.075256
28.317483 52.170701
37.399926 24.316499
53.065933 35.265463
37.897624 12.364573
13.135084 50.862425
75.093130 7.834039
13.766906 41.555028
9.889360 57.865688
32.849583 23.928781
92.523561 10.508775
103.365523 88.032188
62.564965 30.150404
88.040558 103.711564
51.024528 22.106712
11.349804 37.848761
93.988892 81.495244
52.124351 14.284533
25.013713 34.843787
43.248665 27.331398
36.466228 26.133050
89.887075 -5.769606
22.473582 32.478890
13.753103 64.694447
102.463227 108.893980
42.472490 29.772704
76.981391 112.940175
37.869902 26.053052
98.009430 99.227579
85.565897 4.272320
86.733782 105.974886
24.533382 43.205066
21.264680 53.455286
25.014694 42.098985
35.198445 30.004328
84.198123 93.380212
25.917366 29.078152
39.296249 13.433215
17.373773 51.953823
93.128948 96.397803
85.774426 100.842006
84.671407 10.087345
83.994699 95.183555
13.517744 55.568457
25.154605 40.863082
95.387382 98.698702
13.934275 53.748185
21.015564 35.123973
87.437338 93.961863
9.551694 56.871022
44.680031 20.060687
36.725397 45.971552
83.064390 -0.275448
47.250740 14.197478
95.496068 0.395393
94.248897 98.199662
21.960367 53.408357
75.279915 6.256104
45.867867 16.337373
24.545202 35.512781
87.727898 103.213111
43.095203 32.182853
39.059142 28.822608
21.851620 55.239351
31.863006 27.150253
25.796178 35.904792
89.739097 99.994021
28.703758 51.707063
18.034919 41.397110
100.759478 95.458033
48.109008 19.517175
23.324989 38.448937
93.188845 0.187662
42.011734 38.060124
16.940255 47.104312
89.120277 -2.626888
87.005669 102.903207
23.111708 35.614267
15.619834 44.225470
26.546391 39.416079
32.435745 37.997762
91.398464 -1.892806
89.327649 107.758072
40.375718 12.640048
43.077582 31.664520
82.014959 1.412099
29.669497 29.138882
