484
0.230210 -0.303368
4.670311 -0.321982
9.526523 -0.169951
14.416190 -0.442020
18.908741 0.079242
24.106149 -0.090673
28.666290 -0.135556
33.497467 -0.233253
37.812194 -0.160682
42.561854 0.286482
47.667608 -0.105619
52.738252 0.123578
56.920050 -0.001628
62.049713 -0.076499
66.739339 0.090185
71.307330 0.050765
76.057637 -0.155881
80.917235 -0.094127
85.727126 0.123234
90.368218 -0.114613
95.193704 -0.008763
100.476987 -0.339126
0.175006 4.989931
4.828027 4.677422
9.518577 4.564969
14.484826 4.368666
19.085922 4.738405
24.018876 4.664348
28.406516 4.589225
33.134736 4.657568
38.091335 4.887933
43.022837 4.560525
47.624842 4.880657
52.404826 4.519120
57.236841 4.863842
61.993108 4.800765
66.549820 4.989061
71.435152 4.840982
75.923394 4.750685
80.744134 4.963801
85.356408 4.503167
90.434358 4.719962
95.255013 4.679275
100.238349 4.654078
0.152297 9.268792
5.037787 9.850466
9.405568 9.516814
13.989001 9.496073
19.022728 9.344016
23.702990 9.427772
28.781630 9.394958
33.685717 9.711148
37.819168 9.390430
42.871099 9.608223
47.241127 9.578244
52.461667 9.505134
57.158190 9.744089
61.717605 9.592318
66.455315 9.663069
71.199759 9.427787
75.917635 9.234265
81.221656 9.562435
85.615597 9.378894
90.394723 9.569244
95.279503 9.354715
99.833013 9.708078
-0.241708 14.481716
4.980805 14.304656
9.448366 14.160870
14.228777 14.704072
19.049259 14.716760
23.947921 14.001266
28.746203 14.189527
33.393700 14.064702
37.658478 14.118744
43.110434 14.182338
47.350574 14.523202
52.203915 14.771812
57.227137 14.387265
61.532962 14.294041
66.518399 14.575680
71.174084 14.290022
76.545318 14.508987
80.974435 14.333298
85.865718 14.172604
90.496449 14.361132
95.097420 14.351565
99.971249 14.296241
0.143180 19.014382
4.960069 18.909422
9.406722 18.858201
14.574165 19.277249
18.813861 19.218682
23.689468 18.872538
28.879465 19.339611
33.496881 18.478483
37.960763 18.988670
42.998633 19.074665
48.016086 19.159658
52.503199 19.261255
57.301868 19.385000
61.913601 18.895174
66.424075 18.617456
71.238282 19.034314
76.362711 18.531112
80.635962 19.157277
85.884092 19.164476
90.407426 18.628813
95.515398 18.580467
100.017959 19.059714
0.223137 24.101596
4.685087 23.786031
9.418515 24.019849
14.372095 23.691307
18.916656 23.822744
23.620470 23.449075
28.868689 23.831583
33.021693 23.796742
38.280531 23.469210
43.217717 23.653441
47.938836 23.790962
52.120613 23.414041
56.879827 24.192133
61.760629 24.335507
66.329640 23.648207
71.481952 24.067160
76.303381 23.885486
80.902946 23.661409
85.979550 23.796196
90.909860 23.781455
95.291942 23.370834
99.963373 23.819196
-0.164252 28.595743
4.904286 28.356569
9.262780 28.349074
14.187185 28.216013
18.972363 28.464927
23.802043 28.486414
28.495268 28.540773
33.029223 28.442871
38.217261 28.587176
43.072561 28.690657
47.747748 28.457095
52.169494 28.629328
57.345560 28.883969
61.759373 28.791859
66.440436 28.490797
71.295224 28.185439
76.035925 28.254337
80.990201 28.580933
86.044298 28.409797
90.838251 28.618524
95.572256 28.533523
100.265846 28.585466
-0.145025 33.161778
4.537047 33.488407
9.788842 33.691138
14.162020 33.305028
19.204716 33.331661
23.711548 33.545823
28.428818 33.304313
33.746440 33.247431
38.074843 33.516228
42.965019 33.274244
47.722481 33.317728
52.200475 33.556599
57.042658 33.458535
61.652181 33.318653
67.094123 33.391491
71.332515 33.497380
76.043557 33.504668
81.070376 33.204661
85.770224 33.449326
90.355746 33.006433
95.186101 33.310925
100.266696 33.306604
0.006818 37.912627
5.064965 38.185596
9.199475 37.876996
14.561111 38.187795
19.076846 38.213112
23.555847 38.021081
28.538140 38.059039
33.228590 38.170829
38.035145 38.133258
42.740880 38.308927
47.739170 38.132760
52.471968 38.475622
57.079533 38.421396
62.052508 38.201080
66.738358 38.118085
71.424384 38.282572
76.526975 38.265977
80.603096 37.434617
85.921428 38.213303
90.230394 37.917253
95.543807 38.157234
99.874506 37.797043
0.279212 43.087836
4.321087 42.830074
9.312390 42.708690
13.998220 43.231219
18.882935 43.204523
23.777921 43.131008
28.490067 42.924424
33.122667 42.498346
37.741003 42.895841
43.063489 42.987578
47.391009 42.884787
52.386325 42.776643
57.149178 42.711594
61.506002 42.448716
66.545711 43.033365
71.397086 42.824835
76.377638 42.569681
80.960135 43.004186
85.388288 42.657223
90.332359 43.032026
95.194255 42.812773
100.247387 42.613073
-0.182774 47.412358
4.454736 47.668004
9.353692 47.841958
14.363997 47.520050
19.207877 47.731356
24.033159 47.421666
28.380964 47.753986
33.336758 47.851213
38.153018 47.760440
42.937247 47.445814
47.587884 47.458582
52.579229 46.881773
57.138450 47.577577
61.941606 47.535922
66.429541 47.513793
71.139641 47.513662
76.170231 47.712625
81.375262 47.718511
85.810792 47.618135
90.691868 47.408652
95.124156 47.600201
99.800830 47.404205
-0.182439 52.533108
5.085000 52.493602
9.755700 52.624467
13.963277 52.665496
19.014599 52.798074
23.703129 52.307804
28.282515 52.561936
33.254818 52.606071
38.036184 52.654712
42.994671 52.583825
47.480410 52.387135
52.462807 52.070961
57.516865 52.850461
61.987975 52.401492
66.349235 52.722576
71.150254 52.219731
76.368109 52.306310
80.816031 52.471197
85.528319 52.094276
90.173364 52.425843
95.493362 52.578382
99.747105 52.555653
0.155610 56.820045
4.733657 57.053292
9.574479 57.099047
14.045643 57.134977
18.896054 57.001855
24.098604 57.305486
28.433135 57.433109
33.812297 57.356234
38.218543 57.348542
43.215499 56.719508
47.842025 57.236478
52.611852 57.312844
57.111610 56.778828
61.790686 57.123013
66.772177 57.226262
71.572497 57.356162
76.221445 57.143972
80.873170 57.265015
85.365398 57.057105
90.604633 57.044327
95.421161 57.238669
99.865092 57.034061
0.176459 61.939340
4.358307 61.894579
9.286553 62.011222
14.092329 61.986438
18.686222 61.664733
23.752372 62.107878
28.512213 62.027034
33.630213 61.517330
37.999098 62.274866
42.807796 62.049790
47.840268 61.704127
52.674333 61.617871
57.221237 62.152025
61.605031 62.107677
66.616097 61.770928
71.517205 62.271954
76.095056 62.078144
80.660756 61.674223
85.775906 61.702316
90.290926 61.384904
95.324891 61.970423
100.413274 62.252836
-0.241269 66.813729
4.726748 66.457238
9.674173 66.675983
14.175279 66.558692
19.102478 66.915075
23.589104 66.839589
28.353644 66.672194
33.293193 66.605936
38.144716 66.768652
42.917177 66.409460
47.943664 66.905469
52.343747 66.856803
57.137600 66.592609
61.845594 66.637422
66.442973 66.424293
71.647284 66.744899
76.303324 66.793023
80.972015 66.624417
85.448476 66.973841
89.903225 66.559452
95.465940 66.382851
99.858828 66.563211
-0.018548 71.428369
4.529688 71.519318
9.859161 71.335641
14.675168 71.143835
18.851268 71.470232
23.920964 71.906363
28.311940 71.339095
33.150992 71.271582
37.852040 71.602094
42.791555 71.843354
47.243216 71.575798
52.547934 71.186096
57.235528 71.369580
61.669697 71.431156
66.755689 71.323251
71.098411 71.611510
76.150846 71.625008
80.868023 71.342138
85.667929 71.656266
90.435552 71.529360
94.925217 71.961082
100.294864 71.536510
-0.501904 76.262164
4.787636 76.255300
9.529194 76.161251
14.206166 76.228753
18.782156 76.309684
23.461357 75.828074
28.556874 76.149270
33.196870 76.579756
38.110703 76.027726
42.728192 76.238357
47.566483 76.009941
52.010379 76.340869
57.051652 75.996646
61.817936 76.455528
66.542239 76.147064
71.505395 76.019985
76.335619 76.232668
80.782934 76.063637
85.799988 76.554614
90.072289 76.222887
95.078284 75.922802
99.970507 76.319713
-0.180265 80.805342
4.729402 80.801947
9.515934 80.913644
14.297771 81.161919
18.852132 80.989790
23.744998 80.950560
28.311458 81.470345
33.076665 80.719618
37.835591 80.801126
42.490606 80.681617
47.852702 81.056485
52.773014 80.988089
57.012871 80.794833
61.839094 80.767617
66.673207 80.946806
71.747602 81.052057
76.273384 81.100849
80.659330 80.759999
85.802321 80.804133
90.625343 80.987691
95.407249 80.936038
100.000282 81.133540
0.018682 85.365641
4.727936 85.750367
9.682200 85.976201
14.120149 85.660415
19.164942 85.777893
23.821440 85.830511
28.562663 85.815230
33.194945 85.644414
37.733916 85.701472
42.790021 85.906448
47.749423 85.749981
52.585818 85.977101
57.415043 85.458242
62.001283 85.926613
66.485050 85.764377
71.480268 85.754969
76.575703 85.472882
81.136446 85.859733
85.573099 85.927163
90.805002 85.653929
95.181811 85.746953
99.605309 85.924926
0.009640 90.778721
4.615348 90.536904
9.322528 90.760747
14.419386 90.379751
18.782554 90.538778
23.893198 90.520873
28.470020 90.370863
33.514519 90.089139
38.028623 90.333191
42.928822 90.379822
47.846601 90.469218
52.530206 90.227028
57.163336 90.649827
61.844196 90.362072
66.623293 90.418884
71.401154 90.571394
76.161015 90.431072
81.056185 90.656112
86.002950 90.682491
90.636297 90.492578
94.804648 90.699600
99.987717 90.594262
-0.316150 94.939820
4.855566 94.940228
9.884883 94.817984
14.229837 95.317483
19.133915 94.884377
23.556677 95.207167
28.268893 95.146210
33.042168 95.311054
37.803896 94.918457
42.986823 95.297554
47.931903 95.316609
52.359082 95.321950
57.012322 94.942244
61.674034 95.125198
66.576698 95.145343
71.284626 95.342022
76.301847 94.955525
80.891698 95.099079
85.761954 95.176234
90.411747 95.332767
95.264673 95.401415
100.345069 95.577723
0.065463 99.753438
4.702676 99.806316
9.487935 100.066850
14.344794 100.338349
18.927328 99.729506
23.574035 100.090797
28.441957 99.892367
33.163166 100.156100
37.815213 100.066928
42.710453 99.957882
47.465330 99.991436
52.311050 99.999339
56.743313 100.334129
61.758527 99.535035
66.302930 99.863139
71.338848 100.128303
76.306352 99.878296
80.981357 100.082531
85.644613 100.089497
90.419921 99.940853
95.208236 100.078377
99.785119 100.075031
