196
-0.023972 0.010146
7.700092 -0.248914
15.317405 -0.042094
23.054847 0.334227
31.147318 -0.265813
38.593944 0.398406
46.180905 0.420098
53.818332 0.183270
61.507141 0.269211
69.055610 0.239649
77.068162 -0.041823
84.930340 0.285930
92.380568 -0.234253
99.970992 -0.276653
-0.336963 8.019660
7.879901 7.614246
15.397087 7.488278
22.858808 7.832767
30.888927 7.692009
38.635435 7.756534
46.265521 7.684711
53.885622 7.757625
61.590922 7.622056
69.382085 8.142275
76.756806 7.645765
84.820465 7.828837
92.168800 7.613489
99.831285 7.945913
0.076922 15.347942
7.437432 15.085838
15.714578 15.333576
22.985133 15.371991
31.023721 15.555975
37.869575 15.357189
46.171661 15.294046
53.867433 15.290416
61.453117 15.209036
69.235727 15.603524
76.589010 15.466623
84.733051 15.209256
92.198564 15.548037
99.951076 15.469769
0.271022 23.139895
7.781860 22.972971
15.813453 23.209338
22.708077 23.367860
30.732577 23.193350
38.830699 23.184922
46.167173 22.830665
53.452354 22.919306
61.077738 23.245896
69.525367 22.941289
77.097017 23.242051
84.499180 23.287526
92.478860 23.163012
100.137437 22.984701
0.288477 31.016921
7.730021 30.977593
15.637985 30.729466
22.780841 30.799511
30.632563 30.906774
38.495144 30.892038
46.160566 30.651203
53.933099 30.622819
61.306519 30.827049
69.049752 30.563747
77.033319 30.684926
84.666086 30.507792
92.323513 30.578742
100.194195 31.070031
0.067464 38.416798
7.656875 38.677010
15.655592 38.405177
22.887612 38.550627
30.994966 38.913827
38.322994 38.471859
46.046757 38.380297
53.800761 38.529732
61.745648 38.696871
69.389574 38.430564
77.145513 38.234063
84.300384 38.329516
92.166530 38.365977
99.643620 38.673730
-0.472563 45.873232
7.666783 46.108123
15.451187 46.114717
22.760022 46.365043
30.549182 46.091057
38.585675 45.963829
46.026058 46.156955
53.980687 46.489846
61.800032 46.231373
69.264199 46.316450
76.910813 46.375939
84.228704 46.310366
92.150604 46.054251
100.012164 45.661907
-0.208990 53.524799
7.146697 54.018667
14.917627 53.550999
23.023734 54.033486
30.819921 53.624568
38.524529 53.877351
46.204962 54.111952
53.584736 54.071673
61.413521 53.621232
69.268965 53.793710
76.934576 54.216265
84.521737 53.745443
92.529060 53.577573
99.700393 53.693376
-0.307923 61.335872
7.586748 61.553319
15.163765 61.021912
23.075722 61.607049
30.526979 61.632066
38.290578 61.794591
46.026049 61.358715
53.749282 61.177732
61.477163 61.848172
69.177347 61.410885
76.985402 61.765497
84.657899 61.345300
92.207439 61.334074
99.923790 61.647404
-0.035169 69.368664
8.110820 69.361375
15.396795 69.091550
23.148864 69.189020
30.763390 69.226617
38.409156 69.182692
46.172770 69.278642
54.017581 68.771017
61.785256 68.984810
69.764072 69.415783
76.880059 69.353600
84.789462 68.937967
92.474416 69.512927
100.314211 69.253893
0.036263 76.764265
7.622693 76.611961
14.842883 76.738753
23.225196 76.721512
30.859512 76.774170
38.781077 76.699032
45.775882 76.846837
53.620918 76.759962
61.614617 76.779403
69.054106 76.507391
76.872809 76.510164
84.605936 77.055373
92.381435 76.868474
99.892044 76.856011
-0.166884 84.462282
7.612966 84.484325
15.438840 84.881771
23.072111 84.623438
30.588379 84.617458
38.130833 84.711093
46.490531 84.441937
53.788196 84.912680
61.774972 84.730679
69.473116 84.432535
76.806110 84.708921
84.438507 84.475898
92.647394 84.698672
100.329124 84.525302
-0.151835 92.414609
7.866235 92.509135
15.437047 92.292206
23.334796 92.361445
30.760528 92.429284
38.531661 92.176240
46.258534 92.503026
53.945588 92.065307
61.687107 92.705012
69.387108 92.688619
77.070224 91.863722
84.622901 92.226795
92.145438 92.181659
99.977492 92.210808
-0.025838 99.824136
7.906352 100.156764
15.359866 100.118780
22.957758 100.033762
30.750628 100.256422
38.531749 99.557343
46.122390 100.023444
53.657851 99.896467
61.516375 99.919254
69.424250 100.190672
76.946328 99.951486
84.665943 99.751585
92.148720 100.140795
99.962062 100.101029
