2916
0.046624 0.083176
1.810979 0.249535
4.153909 0.010102
5.502401 0.303210
7.351229 0.131008
9.236748 0.075896
11.343888 0.139367
13.272210 -0.122011
15.246347 0.162919
16.856303 0.017471
18.930635 -0.039787
20.997276 0.052606
22.564006 0.179531
24.297586 -0.497947
26.583102 -0.448626
28.298875 0.010643
30.571356 -0.013895
31.880086 0.125901
33.957616 0.413628
35.895623 0.211739
38.019183 -0.275779
39.690683 0.008119
41.464415 -0.169951
43.571212 0.136017
45.207962 -0.145696
46.845272 -0.118980
49.647268 -0.103576
51.051893 0.139787
52.659153 0.045953
54.673375 0.163044
56.527978 0.171519
58.346903 -0.037701
60.221618 -0.208610
62.457915 -0.233025
64.399925 0.047228
66.412369 -0.164581
68.207733 -0.366221
69.797128 0.194494
71.769819 -0.215270
73.880869 -0.191716
75.563715 -0.106302
77.394053 -0.144245
79.097169 0.089447
80.949235 -0.001953
83.128939 -0.211247
84.727122 0.116124
86.886233 0.442051
89.060061 0.173851
90.641145 -0.076840
92.745741 -0.416597
94.236632 -0.192727
96.530033 0.172293
98.158477 -0.244796
99.930027 -0.193884
0.338010 1.772832
1.841448 1.846581
3.996394 1.571609
5.813589 2.123728
7.691083 1.659094
9.303540 2.012058
11.417675 2.207570
13.066273 2.104852
15.201648 1.868037
16.595498 1.735389
18.689494 2.096512
20.403857 1.851052
22.678024 1.699427
24.394223 1.747394
26.541937 1.364989
27.989821 1.924372
30.044763 1.756317
31.848996 2.026741
33.910790 1.975092
35.853431 1.802097
37.722997 1.883769
39.653979 2.133509
41.866264 1.824915
42.954322 1.778517
45.386372 1.829303
47.335298 1.866047
49.636704 2.090907
50.797227 2.035630
52.787115 2.226272
54.693068 1.718838
56.272931 1.956742
58.618637 1.915416
60.011064 1.990267
62.530043 1.746857
64.316424 2.314795
65.862810 1.798354
67.790394 2.121718
69.377359 1.727663
71.862868 1.803125
73.595119 2.013232
75.693896 1.989109
77.351740 2.008506
79.182942 1.641560
81.043804 1.807227
82.779046 1.598358
85.085391 1.846819
86.652837 1.732627
88.773730 1.634288
90.334368 2.363319
92.452983 1.642856
94.056601 2.165167
96.103957 2.032603
98.409729 1.842331
99.669450 2.131499
0.247858 3.991430
1.934466 3.692275
3.920454 3.619876
5.708944 3.809367
7.356828 3.481787
9.729512 3.434215
11.306730 3.963243
13.443376 3.771680
15.307643 3.313154
16.959622 3.615927
18.579352 3.283960
20.967153 3.562618
22.497525 3.624861
24.827596 3.925282
26.193336 3.778569
28.294287 3.694958
30.290775 3.403328
32.024840 3.769174
33.938438 4.198805
35.743416 3.853023
37.415796 3.667502
39.620446 3.650170
41.427784 3.714947
43.617244 3.935588
45.444056 3.849360
47.331939 3.807919
48.995532 4.039786
51.254211 3.384739
52.465539 3.889263
54.908493 3.469589
56.411172 3.634069
58.552012 3.559547
60.213311 4.082703
62.415159 3.723654
64.134112 3.771236
66.037774 3.911832
67.730981 3.397160
70.159762 3.661518
71.631738 4.057715
73.719547 3.642264
75.476398 3.655729
77.566102 3.752625
79.175807 3.456039
81.208042 4.096466
83.119209 3.724188
85.101292 3.740699
87.013475 3.896731
88.512802 3.852859
90.414372 3.888211
92.719660 3.677798
94.125343 3.327610
96.287789 3.886104
98.014494 3.704097
99.778619 3.737629
0.042677 5.829739
1.723581 5.516175
3.805477 5.828521
5.692646 5.632223
7.167673 5.649630
9.100018 5.556864
11.334762 5.972135
13.038166 5.565436
15.194208 5.473529
16.993960 5.622266
18.792386 5.743791
21.004312 5.628426
22.666405 5.849291
24.316647 5.851653
26.547297 5.362327
28.113737 5.426928
30.176796 5.799486
32.121797 5.579679
33.973214 5.627896
35.652853 5.578716
37.932208 5.739779
39.819914 5.743396
41.464741 5.694965
43.451783 5.781039
45.344925 5.800146
47.576962 5.683966
49.138059 5.755602
51.072769 5.497615
53.017310 5.487711
54.824299 5.371366
56.381209 5.617829
58.558353 5.791094
60.607322 5.693177
62.243989 5.550947
64.426085 5.606852
66.158164 6.105222
68.013086 5.528397
70.169980 5.988318
71.357621 5.842923
73.308076 5.655388
75.694731 5.342330
77.212814 5.568342
79.646031 5.505450
81.266709 5.626995
82.676711 5.506979
84.462019 5.194307
87.020626 5.790877
88.894162 6.259274
90.526144 5.728300
92.656894 5.732533
94.448432 5.645896
96.647156 5.721194
97.906461 5.923665
100.048381 5.805677
0.360670 7.127634
2.007089 7.437256
3.682570 7.663830
5.565669 7.504679
7.618219 7.562819
9.597276 7.683445
11.214361 7.579658
13.257024 7.804249
15.232673 7.887776
16.607948 7.404194
18.806064 7.537120
20.927367 7.643322
22.754851 8.070137
24.438788 7.243653
26.449315 7.893819
28.507274 7.401166
30.283000 7.607017
32.202850 7.742291
34.231968 7.424564
36.026959 7.267977
37.921157 7.587592
39.677277 7.707084
41.399859 7.648902
43.210074 7.694368
45.002193 7.137739
47.025412 7.504537
49.000994 7.798841
50.781460 7.223384
52.575503 7.603654
54.569847 7.480916
56.305767 7.302538
58.787956 7.163161
60.510387 7.370520
62.408899 7.467081
63.805925 7.625713
66.059396 7.272654
67.900402 7.405590
70.166307 7.387353
71.441881 7.655300
73.497630 7.402605
75.445731 7.713191
77.414967 7.447458
79.321212 7.646676
81.220015 7.118154
82.836143 7.132640
84.837433 7.405011
86.613796 7.491707
88.892668 7.722269
90.465342 7.299636
92.523458 7.639404
94.374535 7.611400
96.241745 7.550613
97.988493 7.302583
100.247283 7.545752
0.019696 9.695631
1.861816 9.603860
3.694329 9.780695
5.780484 9.521691
7.402468 9.396830
9.170776 9.540695
11.286350 9.510296
13.272489 9.836754
14.858213 9.589237
16.855738 9.690274
19.026370 9.427425
20.888984 9.439859
22.697036 9.561514
24.451090 9.271102
26.535786 9.296808
28.155230 9.396490
30.365179 9.740883
32.308465 9.802652
34.285506 9.495457
35.892023 9.422156
37.652441 9.304932
39.583692 9.009364
41.675646 10.003183
43.377059 9.565507
45.598717 9.556285
47.306085 9.468252
49.055394 9.662486
50.939053 9.597295
52.818773 9.608298
54.774769 9.406404
56.747307 9.514157
58.551610 9.345151
60.437966 9.668274
62.263422 8.884737
64.523692 9.641982
66.159048 9.462653
68.104697 9.487613
69.566451 9.913390
71.593947 9.492692
73.515378 9.037302
75.558064 9.425805
77.285374 9.434825
79.236895 9.534294
80.744520 9.119710
82.948441 9.387642
84.818587 9.390111
86.374413 9.824631
88.708285 9.324639
90.113310 9.412457
92.438282 9.003779
94.412047 9.419442
96.025512 9.661175
97.532627 9.201105
99.916434 9.379039
-0.155288 11.040810
2.244029 11.194694
3.746270 11.489820
6.146657 11.102177
7.449231 11.194829
9.247364 11.472006
11.212371 11.255437
12.994506 11.389795
15.286851 11.444592
17.166621 11.220226
18.888871 11.270540
20.782239 11.682000
22.643617 11.317811
24.747520 11.510075
26.725707 11.236630
28.297983 11.202419
30.209526 11.111464
32.080565 11.495975
34.223525 11.191309
35.649870 11.322818
37.523640 11.270109
40.036662 11.069392
41.510762 11.271079
43.286049 11.309947
45.095963 11.429802
47.346989 11.173136
48.899117 11.314264
51.135812 11.574634
52.886343 11.443609
54.686446 11.699894
56.447709 11.258071
58.141943 11.088662
60.269790 11.321038
62.140148 11.207551
64.030164 11.231833
66.281047 11.559720
67.823611 11.406676
70.003949 11.417547
71.641395 11.323790
73.486031 11.598052
75.767424 11.012696
77.131326 11.318738
79.432809 11.475659
81.145468 11.157494
82.741210 11.280843
85.201437 10.844271
86.837016 10.879642
88.397778 11.548313
90.308725 11.129038
92.742223 11.403605
94.545877 11.317766
96.318177 11.016693
98.256080 11.317979
100.431674 10.852940
-0.020611 12.838498
1.996508 12.885347
3.792705 13.558726
5.796929 13.118914
7.516466 13.078091
9.142875 13.511954
11.486887 12.934581
13.260543 13.461135
15.215389 13.509089
17.098969 13.000799
18.645841 13.550649
20.965848 13.295515
23.013001 13.178895
24.620900 13.277711
26.650852 13.275876
28.068139 13.134097
30.381416 13.310397
32.260383 12.731848
34.100575 13.078979
35.499372 13.187021
38.048324 13.233508
39.558261 13.230813
41.290218 13.017270
43.137795 13.043037
45.265588 13.023264
47.319146 12.885548
48.976246 12.845185
50.804700 13.013264
52.839200 13.330695
54.994021 13.243540
56.644927 13.270119
58.711770 13.054345
59.977236 13.241845
62.701649 13.230765
63.904508 13.209386
65.714449 13.751386
67.968469 12.833926
70.108518 13.376322
71.621055 13.457019
73.354396 13.048497
75.204903 13.249972
77.386789 13.216449
79.093116 13.388486
81.487576 13.426185
82.992097 13.151141
84.714704 13.517595
86.853726 13.475382
88.844300 13.159293
90.641738 13.111368
92.552061 13.265258
94.470422 13.383119
95.807203 13.292501
97.944652 13.446500
100.158143 13.277439
-0.082431 15.156288
2.111557 14.974882
3.994834 15.338561
5.548802 15.150189
7.647646 15.159482
9.719090 14.881925
11.564394 15.282912
13.088861 15.224688
14.814012 15.082617
17.259168 14.930016
18.869061 14.968007
20.625212 15.216673
22.500680 14.957785
24.090062 15.096393
26.360310 15.055658
28.402790 15.113222
30.144965 15.004036
32.114122 15.035721
34.119116 15.303536
36.158556 14.927441
37.719782 15.543577
39.486910 14.918753
41.500411 14.867434
43.230851 15.276134
45.359717 15.073775
46.839355 14.764278
48.714549 15.045970
50.745435 15.290754
52.919742 15.154109
54.656608 15.171509
56.462963 15.150076
58.744733 15.139351
60.541828 15.151482
62.608282 15.416577
64.255109 14.882297
66.118412 15.367750
67.875157 14.926077
69.690017 15.112227
71.910391 15.306885
73.780959 15.002203
75.355726 15.120730
77.556184 15.135962
79.662773 15.260457
80.985898 15.457970
82.950887 14.765924
84.617310 15.236065
86.975014 14.775481
88.802458 15.030050
90.615823 14.923314
92.430492 14.920613
94.171016 14.919719
96.108144 15.302964
98.098139 15.130098
99.781922 15.137837
-0.296388 16.928781
1.918995 17.155983
3.691408 16.808346
5.889490 16.976804
7.705240 17.086780
9.473001 17.226565
11.482978 16.859095
13.006925 17.198301
14.920836 16.728648
17.036748 16.861950
19.027583 17.148514
20.907136 16.588772
22.695543 16.943101
24.690813 16.991027
26.466066 16.959261
28.194496 16.590616
30.691975 17.056819
32.206894 16.776073
34.085746 16.969519
35.935363 16.590140
38.243505 16.933513
39.585241 16.806898
41.411689 16.838324
43.155980 17.137943
45.485182 16.923619
47.279278 16.784066
48.631027 16.866339
51.226393 17.110650
52.918764 16.905858
54.945400 17.479136
56.735084 17.003662
58.886017 17.067035
60.465933 16.978894
62.122835 16.944714
63.890249 16.963679
65.880773 17.013379
67.739278 17.117320
69.894058 17.009223
72.234638 17.152892
73.533541 16.843668
75.493414 17.248129
77.583719 17.002194
79.302892 16.921554
81.517706 16.922088
83.333554 17.151909
85.020993 16.996063
86.483497 17.401388
88.672957 17.119688
90.467638 16.875508
92.605635 16.921719
94.460457 17.186810
96.002518 16.928963
98.020968 16.837176
100.309328 17.249869
0.074138 18.694739
2.182142 19.121083
3.819161 18.633392
5.578280 19.242392
7.680720 18.861023
9.244325 19.077636
11.506408 18.656096
12.931297 18.769512
15.270730 18.992987
17.003465 19.140091
19.007629 18.806119
20.725407 19.097867
22.795986 19.262731
24.582632 18.663572
26.212022 19.008324
28.575461 19.088305
30.455451 18.747915
32.110872 18.773423
33.861914 18.958582
36.238591 19.014851
37.679666 19.083939
39.715039 18.897548
41.602120 18.724856
43.617119 18.615030
45.220422 19.272247
47.113692 19.010650
49.061574 18.783505
51.261140 18.654867
52.964799 19.041285
54.821958 18.915949
56.549519 18.739232
58.621709 18.733977
59.856798 18.954137
62.490878 18.938249
63.970342 18.640319
65.615069 18.876663
67.820004 18.720875
69.756247 19.046494
71.314547 18.879528
73.522669 19.301980
75.724581 19.008165
77.360726 18.742302
78.953327 18.926708
80.681624 19.073761
83.072419 18.707769
84.753875 18.950555
86.769182 18.814813
88.736089 18.901438
90.650904 18.635029
92.324376 18.868742
94.393950 18.735303
95.921297 18.906020
98.056351 18.821347
99.768617 18.949529
-0.150187 21.044321
1.827034 21.265270
3.715949 20.658437
5.547135 21.107862
7.621762 20.936563
9.469731 20.855321
11.217796 20.660898
13.115783 20.990624
14.733722 20.987567
16.810168 20.161525
18.945723 20.515739
20.846868 20.775577
22.724273 20.894735
24.421433 21.055473
26.929608 21.162864
28.104678 20.576097
30.192882 20.983687
31.856172 20.689850
33.624488 21.058451
35.541869 20.933362
38.009850 20.569790
39.677230 20.752938
41.352565 20.934569
43.541183 20.885051
45.086419 20.605246
47.152894 20.872000
49.006912 20.490868
50.634083 20.947112
52.744875 20.801472
55.005899 20.603708
56.919966 20.508496
58.363950 20.961505
60.293408 20.723100
62.055246 20.940017
64.214147 20.299560
66.199703 20.731611
68.051493 20.979978
69.747375 21.116419
71.526608 20.540945
73.770921 20.832408
75.561330 20.503572
77.242282 20.865290
79.345114 20.339519
80.841279 20.793012
82.843599 20.896011
84.823373 20.719274
86.607691 20.655862
88.461144 21.094388
90.192671 20.778557
92.496830 20.861403
94.351820 20.632680
96.087002 20.501608
98.135856 20.964046
100.230302 20.879082
-0.068520 22.574948
2.051169 22.701546
3.773705 22.618025
5.989281 22.342383
7.679458 22.829386
9.436259 22.789212
11.211892 22.686825
13.461481 22.649630
15.250437 22.908715
16.932684 22.426638
18.888055 22.491220
20.225247 22.739638
22.640399 22.728595
24.499531 22.557732
26.512178 22.499327
28.551108 22.603336
30.340352 22.739217
31.890073 22.189812
33.958723 22.577570
35.983303 22.436259
37.942309 22.578080
39.466188 22.847016
41.810686 22.679643
43.610447 22.776396
45.213755 22.532623
46.900366 22.659837
48.998806 22.569293
50.825452 22.469299
53.045262 22.574855
54.801947 22.891517
56.772537 22.813777
58.487613 22.451356
60.374677 22.371429
62.193942 22.139225
64.210704 22.551493
65.961207 22.710053
67.496015 22.792433
69.884267 22.438246
71.839491 22.732692
73.260564 22.645605
75.810029 22.847559
77.090010 22.806602
79.302954 22.710145
81.046990 22.677389
83.198906 22.599982
84.555348 22.768057
86.690687 22.455516
88.504281 22.800133
90.590241 22.782186
92.732874 22.519419
94.225780 22.629213
96.478121 22.323897
97.774611 22.294906
100.079673 22.517371
-0.039787 24.326154
1.759661 24.985432
3.895196 24.263675
5.837000 24.983525
7.437013 24.210516
9.414975 24.726912
11.491902 24.607600
13.139748 24.167411
15.225124 24.256959
16.882451 24.356354
18.993082 24.638714
20.878798 24.253729
22.481245 24.637382
24.350792 24.445872
26.353721 24.682605
28.272754 24.668209
30.243984 24.312037
31.962141 24.343636
34.219685 24.250230
35.563228 24.434211
37.879300 24.557299
39.797778 24.675000
41.526115 24.675615
43.441738 24.415641
45.106920 24.488059
47.004775 24.483240
48.929625 24.654440
50.790932 24.467305
52.943060 24.793035
54.386766 24.275718
56.947001 24.240940
57.995262 24.557061
60.273239 24.774288
62.425675 24.172788
64.110715 24.835699
65.939505 24.686637
67.862645 24.648875
69.737359 24.332607
71.534196 24.750429
73.852548 24.707390
75.731645 24.354831
76.996630 24.876904
79.226934 24.573528
80.973643 24.237747
83.105125 24.649904
85.028232 24.438143
86.737675 24.678912
88.733565 24.471657
90.709403 24.675961
92.634425 24.010641
94.336595 24.842482
96.253867 24.447388
97.899735 24.581489
99.838235 24.574138
-0.044468 26.609686
1.638317 26.417052
4.017140 26.559949
5.732905 26.033141
7.087495 26.629375
9.466111 26.335883
11.244867 26.596155
13.091791 26.446914
14.998406 26.303873
17.164216 26.504203
19.107038 26.665706
20.618453 26.345894
22.497041 26.340460
24.833289 26.425516
26.251817 26.392195
28.167286 26.445324
29.901268 26.377095
32.045197 26.134211
34.189607 26.232157
36.012822 26.532375
37.610289 26.362352
39.794215 26.504182
41.493399 26.232234
43.334808 26.305923
45.224225 26.485106
47.297508 26.567216
49.168445 26.166307
50.914182 26.489617
52.870240 26.517411
54.858747 26.538550
56.815458 26.668441
57.870276 26.856842
60.627335 26.500184
62.180077 26.499043
64.109402 26.198686
65.853083 26.433247
67.832221 26.266804
69.736519 26.412450
71.273344 26.568255
73.581292 26.381065
75.474052 26.405529
77.095249 27.041446
79.270413 26.373385
81.043309 26.461849
83.041383 26.313485
84.928775 26.262314
86.932568 26.619599
88.624288 26.551350
90.173713 26.356352
92.579757 26.678617
94.151442 26.412926
96.368054 26.595083
97.885560 26.410396
100.040308 26.241501
-0.125098 28.405614
2.286167 28.228681
3.998830 28.398178
5.599939 28.418407
7.293468 28.262679
9.311858 28.159511
11.587237 28.507314
12.959082 27.978524
15.150140 28.497530
17.112693 27.985740
18.911950 28.294090
20.802852 28.078840
22.589327 28.165630
24.742804 28.529976
26.750709 28.421903
28.043428 28.127977
30.298226 28.220033
32.372853 28.293726
33.980848 28.454350
35.950542 28.353943
37.929098 27.824904
39.258566 28.667488
41.631975 28.240661
43.510297 28.236480
45.161882 28.363820
47.035313 28.573695
48.983028 28.555039
50.862135 28.485789
52.966904 28.250057
54.800955 28.173355
56.647022 28.015654
58.350439 28.477224
60.466732 28.192743
62.357262 28.182527
63.970283 28.335264
66.486417 28.070268
68.029300 28.321745
69.852346 28.515063
72.170618 28.613903
73.901270 28.012576
75.627213 28.057841
77.380523 28.432868
78.975274 28.322793
80.818443 28.246252
83.357315 28.224238
84.905847 28.274522
86.922410 28.016542
89.054575 28.041826
90.470052 28.443708
92.484836 28.369107
94.510569 28.115012
96.768829 28.136500
98.574340 28.282530
100.080481 28.368907
-0.201355 30.096892
1.740667 30.121452
3.644458 30.179439
6.076540 30.278765
7.443838 30.298029
9.683768 30.266719
11.108098 30.002561
13.283094 30.326488
14.870852 30.312461
16.970224 30.215371
19.035870 30.297209
20.949856 30.426384
22.616244 30.245169
24.614017 30.509096
26.173045 30.409777
28.467366 29.978028
29.790638 30.211655
32.175216 30.169824
34.172651 30.089849
35.798602 30.491098
37.611548 30.071967
39.509497 30.291774
41.671221 29.504869
43.539518 30.512977
45.354630 30.209839
47.142725 30.016354
49.028313 30.200546
51.005615 30.015520
52.733093 30.193771
54.246120 30.264565
56.866206 29.771249
58.484513 30.205939
60.126550 30.184202
62.407979 30.154331
64.223052 30.423878
65.924256 29.977544
68.186587 30.397244
70.225494 30.111499
71.500955 30.458297
73.414666 30.540875
75.900338 30.238516
76.937228 30.320927
79.005926 29.978662
80.967699 30.454651
83.319660 30.246652
85.233878 30.191645
86.958689 30.354724
88.777873 30.369258
90.708802 30.209479
92.426444 30.101620
94.309063 30.118077
96.278887 30.807445
98.291976 30.028164
99.850857 30.104311
0.227001 32.284290
2.353411 32.026128
3.860954 32.070561
5.442874 31.962658
7.656337 31.888743
9.448276 32.067402
11.361040 32.214279
12.918714 31.786017
15.029929 31.897068
16.843969 31.572121
18.793854 32.290992
20.683535 32.057203
22.782362 32.389787
24.654529 32.019564
26.508403 31.956386
28.162432 32.228727
29.919508 31.849761
31.999536 32.403209
34.100216 32.507389
35.853280 32.331780
37.815017 31.962804
39.442447 32.307173
41.678062 31.968832
42.934761 32.169621
45.239582 31.903565
47.069453 32.018934
49.517940 31.877162
50.845331 31.753085
52.719764 32.234063
54.511391 32.178012
56.933325 32.003567
58.456203 32.203531
60.350775 31.791882
62.449732 32.201954
64.171678 32.443163
66.005040 31.653250
67.634933 32.277783
70.157496 31.615913
71.651361 32.446796
73.394999 32.324309
75.459670 31.615788
77.054007 32.169144
79.331837 32.065339
81.341049 32.170054
82.978875 32.229995
85.098252 32.297970
86.751369 32.119336
88.585615 32.039563
90.806634 31.969132
92.633411 32.339391
94.392667 32.133008
96.161328 32.195774
98.316974 32.319498
100.218933 32.142192
-0.151594 33.826087
1.900205 33.912706
3.731452 33.615107
5.691127 33.940970
7.303516 34.411899
9.551697 33.943962
11.401726 34.288663
13.257438 33.913741
14.970199 34.010008
17.033836 34.206578
18.782505 33.817448
21.216635 33.851379
22.554770 34.017800
24.265201 33.778107
26.477137 34.075833
28.279357 34.005587
30.025536 34.080453
32.169490 34.176337
33.798724 34.119744
35.738009 33.684796
37.696350 33.850463
39.831090 34.094034
41.598938 34.067369
43.695993 34.215212
45.449861 34.010806
47.404690 33.788618
49.128323 34.008307
50.494251 33.964249
52.918292 34.109571
54.616239 33.941369
56.714440 33.805992
58.251725 33.775506
60.666854 33.937310
62.283810 34.112014
63.894246 33.852155
65.907656 34.115116
67.789829 33.828523
69.356540 33.559875
71.509006 34.003371
73.340050 33.996973
75.193510 34.013082
77.614489 33.965870
79.230060 34.074903
81.227776 33.929784
83.168498 34.372779
84.798518 34.270101
86.910070 34.181931
88.816709 34.082602
90.002927 33.878504
92.306877 33.832939
94.105363 34.150920
96.156845 34.390876
98.144558 33.996891
99.918918 33.790889
-0.234862 35.777256
1.836338 35.831380
3.851801 36.081184
5.999450 35.685021
7.353166 35.771474
9.451938 35.879142
10.847344 35.728521
13.015025 35.774852
15.218724 36.156392
16.442086 35.725779
18.819766 35.896867
20.716724 35.697149
22.448825 35.818502
24.565168 35.943587
26.606082 35.616780
28.209811 35.816489
30.342579 35.537386
31.945933 35.888761
33.774375 35.542845
36.007944 36.108381
37.784369 35.547123
39.585903 35.979957
41.649669 35.869553
42.803292 35.752032
45.164764 35.981611
47.378662 35.383865
49.393788 35.721254
50.806857 36.036463
52.553019 35.609471
54.864856 36.024135
56.235699 35.943030
58.490446 35.637058
59.914768 35.626667
62.288953 36.291490
64.139123 36.075652
65.806468 35.907437
67.932159 35.965462
69.931491 35.885567
71.810465 36.005931
73.636387 35.686999
75.362367 35.769152
77.645585 35.996031
79.352659 35.541136
81.292163 36.160994
83.319910 35.770001
84.952922 35.844773
86.663905 36.018331
88.487358 35.777566
90.461533 35.593934
92.750315 35.268875
94.468678 35.767142
96.445423 35.456303
97.859077 35.985951
99.828240 35.780709
0.118473 37.974294
1.836846 37.877054
3.542308 37.302592
5.856420 37.427739
7.437822 37.555262
9.509463 37.778611
11.649110 37.986853
13.092297 37.635013
15.124848 37.969471
16.928759 38.021892
19.187648 37.664812
20.678486 37.489465
22.674650 37.895188
24.670342 37.611665
26.511225 37.573254
28.345836 37.860033
30.277893 37.718833
32.053172 37.836672
34.127616 37.783797
35.773614 37.457488
37.603351 37.906393
39.542830 37.518159
41.557052 37.966065
43.053007 37.988944
45.238230 37.701128
47.146042 37.684311
48.668676 37.686379
50.971058 37.887393
53.056267 37.787459
54.589660 37.739832
56.867961 37.651622
58.509454 37.841318
60.569620 38.139587
62.257252 37.747857
64.181647 37.853683
66.124248 37.608683
67.989320 37.678887
70.007155 37.205768
71.999175 37.521518
73.599000 37.681369
75.599519 37.656545
77.193954 37.453351
79.344458 37.689074
80.928193 38.066002
82.957256 37.895882
84.713707 37.561499
86.721441 37.672571
88.564196 37.784140
90.832862 37.943704
92.653481 37.888101
94.818682 37.534879
96.034428 37.990663
98.382224 37.908648
100.302196 37.545822
0.089937 39.771449
1.940711 39.951479
3.753767 39.972179
5.360889 40.198073
7.311615 39.593439
9.345171 39.446718
11.668603 39.419420
13.440694 39.604807
14.753963 39.938717
16.870388 39.636300
18.728719 39.449634
20.595104 39.541262
22.727557 39.730383
24.515576 39.813222
26.312514 39.595891
28.580270 40.163398
30.079798 39.300869
31.793606 39.338389
33.818559 39.468783
36.148293 39.400293
37.864140 39.574969
39.517474 39.515030
41.273000 39.788764
43.217355 39.565379
45.086752 39.532315
47.343780 39.294942
48.984557 39.548784
51.020673 39.771537
52.874203 39.639675
54.901740 39.305772
56.404870 39.305091
58.636777 39.811793
60.539052 39.676294
62.122056 39.821300
64.197600 39.678610
65.640386 39.786938
67.757899 39.696595
69.974443 39.903832
71.864461 39.887281
73.471468 39.569222
75.374289 39.812491
77.517802 39.856902
79.539500 39.939793
81.051140 39.847468
83.428486 39.529047
85.036810 39.869312
86.643782 39.276124
88.482277 39.359366
90.476815 39.422235
92.516473 39.568090
94.421318 39.719793
96.330642 39.796875
98.346238 39.525530
99.915928 39.718686
0.155638 41.730556
1.905876 41.548991
3.977328 41.593271
5.674935 41.384338
7.722689 41.337830
9.637120 41.203989
11.353220 41.899079
13.144506 41.407200
15.244375 41.457034
17.263828 41.603429
18.741993 41.791444
20.597061 41.471215
22.761756 41.331259
24.568160 41.692812
26.962192 41.429370
28.065221 41.283998
30.222735 41.561044
32.174246 41.724946
34.277785 41.847547
35.758609 41.741699
37.697425 41.602169
39.782636 41.252548
41.151982 41.673760
43.503829 41.560601
44.817081 41.354409
47.254398 41.114516
48.797491 41.227316
50.545453 41.393378
52.903421 41.610620
55.044565 41.238751
56.987321 41.317160
58.733390 41.644983
60.247178 41.867549
62.399488 41.491105
64.446247 41.774791
65.957427 41.403687
67.704281 41.476937
70.171744 41.770474
71.517373 41.297964
73.323347 41.334046
75.709180 41.423825
77.261077 41.773099
78.928723 40.965070
80.993441 41.298423
82.758164 41.460612
84.948257 41.910383
87.055214 41.991956
88.677614 41.753031
90.438056 41.455447
91.894415 41.528903
94.317158 41.506446
96.148026 41.418092
97.709173 42.001319
99.968272 41.506692
0.209924 43.562404
2.068418 43.227831
3.876525 43.257294
5.629541 43.253710
7.396971 43.405054
9.597815 43.682713
11.269036 43.558744
13.347171 43.177737
15.201946 43.605936
16.680140 43.787656
18.887624 43.274885
20.950635 43.431980
22.860018 43.432685
24.505402 43.363994
26.300594 43.538246
28.227658 43.402261
30.106999 43.475324
32.216732 43.500265
34.311169 43.346320
35.947829 43.688241
37.628122 43.285277
39.594485 43.163369
41.166182 43.102885
43.347483 43.134514
45.135655 43.350538
47.306092 43.834276
48.983287 43.187885
50.910482 43.479876
52.855164 43.028861
54.452179 43.766009
56.496898 43.205853
58.649008 43.420764
60.245152 43.678195
62.122709 43.704572
64.306968 43.484261
66.278900 43.298951
67.869636 43.664676
69.658317 43.371595
71.369043 42.955065
73.484743 43.558903
75.555690 43.448262
77.213900 43.572382
79.162050 43.577010
81.442560 43.364605
82.921900 43.431542
84.854980 43.453592
86.564204 43.626936
88.408221 43.489402
90.344158 43.644940
92.583266 43.700129
94.510706 43.130907
96.089393 43.251590
98.288493 42.928583
100.058537 43.570010
-0.313601 45.637199
1.881284 45.193871
3.740830 45.050906
5.460111 45.239331
7.665517 45.070001
9.189927 45.307641
11.261035 45.291880
12.851696 45.567264
15.035904 45.500189
16.868789 45.242257
19.046214 45.295329
20.840952 45.400623
22.940435 45.578576
24.631363 45.179463
26.100645 45.546390
28.018059 45.695019
29.889447 45.216916
32.235268 45.035515
34.103522 45.078041
36.041519 45.481751
37.768655 45.397467
39.639009 44.988318
41.849697 45.405120
43.161887 45.617856
45.360376 45.396264
47.033805 45.713637
48.970875 45.248829
50.988052 45.303614
53.200915 45.349886
54.329855 45.450178
56.666155 45.164058
58.888835 45.243572
60.544171 45.609874
62.313191 45.235288
64.177575 45.369197
65.619833 45.084045
67.862990 45.290321
69.837103 45.501766
71.406872 45.371865
72.966579 44.817518
75.564476 45.278558
77.539985 45.442724
79.240428 45.061891
80.817712 45.505010
83.484297 45.614266
84.901691 45.029774
86.743764 45.327051
88.273285 45.590785
90.368535 45.276489
92.567970 45.057921
94.424137 45.275154
96.265198 45.581154
97.998055 45.230157
99.760706 45.331953
-0.165025 47.243323
1.872124 47.155578
3.895031 46.942806
6.044124 47.228089
7.590000 47.473058
8.892050 47.111982
11.437857 46.988917
13.030214 47.398929
15.663353 47.192333
16.848977 47.157876
18.862823 46.956599
20.979110 47.401386
22.771557 47.331768
24.462777 47.006687
26.371239 47.120084
28.044130 46.864473
30.240849 47.053689
32.394813 47.131346
34.337571 47.309695
35.849758 47.268842
37.711686 46.807348
39.877741 47.094370
41.666531 47.155290
43.040871 47.183856
45.287540 47.213906
46.800225 47.454185
49.167718 47.242446
51.072663 47.107617
53.117119 46.717820
54.777253 47.507178
56.365481 47.305461
58.688300 47.226332
60.336431 47.111470
62.534063 47.082939
64.392354 47.068802
66.075786 46.947126
67.908898 47.290274
69.733560 46.840398
71.568900 47.171093
74.023481 47.258911
75.780271 46.897647
77.497208 47.293767
79.016188 47.091937
81.267639 46.972744
83.152945 47.236429
84.645037 47.111600
86.910688 47.117843
88.645751 46.936044
90.357795 47.110499
92.837495 47.177827
94.199941 47.483695
96.314818 46.883900
98.131028 47.172010
100.069699 46.844100
-0.086486 48.938466
1.871834 49.202197
3.794884 48.989432
5.817469 49.032994
7.662256 48.781924
9.295114 49.396124
11.124213 48.732065
13.160955 49.029418
15.197550 48.866877
16.833757 48.751458
18.690463 48.750623
20.852480 49.210505
22.702886 49.155275
24.667553 49.055568
26.211940 48.997151
28.419405 49.093958
30.145416 49.140204
32.015784 48.926862
34.060677 49.196859
35.854525 49.559960
37.709012 48.929372
39.229096 49.097809
41.665829 48.746225
43.369728 48.968716
45.264985 48.776059
47.214782 48.803125
49.076435 49.345708
51.030400 49.072515
52.930746 49.107164
54.336465 49.231104
56.908682 49.316225
58.034486 48.927282
60.330127 49.260738
61.847813 48.957498
64.417375 49.311685
66.035215 49.125710
68.415656 49.055297
69.735487 49.114347
71.587173 48.692719
73.723234 48.918772
75.587137 48.960306
77.328431 48.968517
79.419392 48.995281
80.994412 48.840523
83.134683 48.911437
85.324253 48.940923
86.638414 48.939725
88.602688 48.838002
90.634664 49.040924
92.824469 48.867877
94.427705 49.278258
95.965001 49.112791
98.216958 48.946744
100.037346 49.103679
0.273551 50.987420
2.122240 51.032730
3.352097 51.264646
5.916943 51.108836
7.462240 51.312354
9.783148 51.122923
11.119491 50.759582
13.454841 50.881167
15.046177 50.728793
17.049276 51.045844
18.904914 50.810900
20.983976 51.560128
22.611956 50.769107
24.326928 51.001515
26.370373 51.065246
28.466443 51.206927
30.500284 50.912780
31.935432 51.020471
34.033941 50.884803
35.899622 51.149680
37.905750 51.061838
39.665926 51.016852
41.574967 51.194017
43.362019 51.155868
45.314108 51.186721
47.220911 50.724405
49.273263 50.860423
51.007648 51.215416
53.197316 50.965853
54.678731 50.991851
56.463043 51.007441
58.410372 50.864663
60.833154 50.818235
62.125403 50.848522
64.370916 51.429222
66.042796 51.033717
67.946046 50.884946
70.038526 50.966955
71.831172 50.846232
73.739676 50.923896
75.544939 51.241938
77.338220 50.941781
78.932592 50.894509
81.426970 50.928355
82.983941 51.013284
84.915279 50.616646
86.922471 50.982355
88.722238 51.127914
90.417752 50.866553
92.555684 50.450450
94.038438 51.174251
96.170160 50.841825
98.130889 51.077722
99.907821 50.794955
0.319076 52.819139
2.093170 53.247820
3.549972 52.931237
5.725828 53.123677
7.153875 53.152947
9.273377 52.758828
11.024531 52.721603
13.371526 52.649018
15.087614 52.872162
17.057637 52.880153
18.913042 53.069440
20.688966 53.024486
22.754395 52.711598
24.645450 52.943449
26.344452 52.650918
27.998547 53.125895
30.275982 52.493916
31.796677 52.541943
33.886490 52.507701
35.766255 53.154261
37.775410 52.868693
39.780097 52.992401
41.540016 52.819182
43.093131 52.755928
44.942423 52.999370
47.258350 52.946173
49.023576 52.872505
51.031319 52.760076
53.212124 52.910139
54.997396 53.002514
56.778571 52.597602
58.366377 52.883177
60.506684 52.876229
62.002989 52.971715
64.219534 52.748229
66.223946 52.905488
68.251378 52.707513
69.863562 53.344407
71.754169 53.046221
73.314657 52.906172
75.371669 52.717441
77.388095 53.061940
79.204126 52.885028
81.198525 53.011116
82.749409 52.732335
84.992625 52.971563
86.236674 52.730935
88.577367 53.037060
90.422469 53.090987
92.261588 53.020299
94.202643 53.163907
96.276764 52.973045
98.124061 53.258651
100.014617 52.737904
0.030556 54.271451
1.993162 54.454706
3.831700 54.645875
5.721149 54.823812
7.589006 54.855088
9.294292 54.669558
11.511563 55.035627
13.057333 54.415940
15.022380 54.713577
16.835035 54.757505
19.116488 55.018296
20.554032 54.672116
22.854079 54.912190
24.690385 54.756134
26.433502 54.654581
28.590414 54.689263
30.518836 54.941556
32.431203 54.924158
34.175174 54.762903
36.032548 54.687084
37.997627 54.667767
39.516991 54.926522
41.126346 54.586506
43.301406 54.983530
45.222362 54.744323
47.105460 54.877354
48.837275 54.941471
51.264751 54.488528
52.939559 54.519294
55.011826 54.789031
56.508522 54.561729
58.594040 54.684014
60.167219 54.451171
62.288594 54.815577
64.126933 54.880558
66.314483 54.643939
67.623171 54.738520
69.877782 55.014493
71.670617 54.745158
73.464917 54.540787
75.356084 54.966821
77.570872 54.595091
79.346364 54.916206
81.057206 54.925527
82.754157 54.722164
84.948262 54.688102
86.732277 54.579455
88.763702 54.828130
90.668688 54.791149
92.641957 54.909211
94.523861 55.006649
95.963470 54.626122
98.053191 54.504640
99.879880 54.766437
0.258965 56.712356
1.965936 56.695623
3.948108 56.621099
5.552963 56.364630
7.416244 56.682148
9.557742 56.538861
11.354365 56.547039
12.964364 56.356121
15.380416 56.555299
16.830244 56.359722
19.093987 56.535903
20.639964 56.495683
22.793200 56.355219
24.996694 56.301466
26.273336 56.582875
28.183293 56.607788
30.058289 56.608594
31.966947 56.590058
34.328432 56.628054
35.796941 56.425543
37.739862 56.608349
39.923750 56.609431
41.428934 56.491179
43.640284 56.700199
45.440655 56.562241
47.121029 56.069872
49.029836 56.465332
51.079875 56.866723
52.970120 56.659739
54.638918 56.386720
56.733707 56.531265
58.356397 56.674072
60.174082 56.491058
62.240487 56.210562
64.184252 56.656612
66.342052 56.570058
67.740098 56.652886
69.699928 56.303162
71.944847 56.812848
73.342491 56.528113
75.203964 56.081364
77.372511 56.661154
79.081571 56.718133
81.124902 56.549509
83.157575 56.442901
84.827375 56.789294
86.722531 56.600329
88.901247 56.304075
90.298563 56.525765
92.097615 56.721442
94.279101 56.575642
96.108666 56.823610
97.961994 56.465767
100.130286 56.540874
0.113718 58.703480
1.727079 58.362444
3.820830 58.564583
5.642575 58.299049
7.560274 58.410249
9.255866 58.566202
11.369687 58.281178
13.266953 58.097246
14.804096 58.436757
16.939334 58.535480
18.709582 58.497222
20.512720 58.481987
22.555545 58.644575
24.436380 58.668763
26.506953 58.324054
28.685430 58.409579
30.169057 58.688516
32.120988 58.289186
33.949462 58.452663
35.659160 58.633692
37.922394 58.784636
40.012492 58.591220
41.139916 58.983754
43.045497 58.579489
45.457641 58.328193
47.499240 58.638747
48.647155 58.647379
51.207663 58.473365
53.058559 58.732167
54.820033 58.529710
56.476450 58.176779
58.530596 58.385313
60.252464 58.424272
62.449502 58.474420
64.104532 58.536386
65.879359 58.281949
67.887635 58.544931
69.739636 58.749928
71.390766 58.200017
73.720202 58.590557
75.766138 58.373723
77.474336 58.440503
79.435523 58.140183
80.817395 58.376239
82.720027 58.613873
85.254081 58.569015
86.736686 58.389481
88.987761 58.392476
90.423552 58.353413
92.266389 58.527068
94.437860 58.700185
96.362437 58.420443
98.049655 58.456920
100.014049 58.314466
-0.120269 60.267443
2.121677 60.375368
3.723784 60.603088
5.667673 60.248840
7.783577 60.263827
9.596753 60.165369
11.315561 60.242673
13.090679 60.402971
15.219109 60.358718
17.126350 60.391443
18.634600 60.662670
20.335485 60.293398
23.059719 60.602804
24.393984 60.224223
26.950735 60.208875
28.251601 60.433946
29.744490 60.553113
32.106369 60.449372
33.957969 60.424923
35.657230 60.103609
37.830684 60.585544
39.840544 59.759251
41.539068 60.152721
43.256012 60.477146
45.094259 60.532496
47.334201 60.461604
49.207627 60.430178
51.077171 60.658107
52.570994 60.518957
54.786552 59.909304
55.938105 60.232764
58.075050 60.370033
60.264097 60.460212
62.058588 60.525514
64.217271 60.500007
65.742451 60.523118
67.989440 60.237167
69.972774 60.675282
71.793907 60.343779
73.473059 60.480133
75.503268 60.449841
77.634513 60.635923
79.122755 60.829294
81.264480 60.878686
82.586183 60.418453
84.877282 60.668675
86.636596 60.225196
88.693232 60.466689
90.418190 60.109405
92.229354 60.300598
94.427807 60.275767
96.329448 60.475017
98.152213 60.430548
99.578599 60.498747
0.173088 62.508671
1.916401 62.571253
3.999265 62.470507
5.526404 61.969935
7.388650 62.235463
9.712401 61.984854
11.689112 62.330728
12.921220 62.326273
15.126964 62.239012
17.049224 62.333694
18.982999 62.297953
20.800316 62.244570
22.709505 62.483159
24.936095 62.159833
26.205174 62.293920
28.371631 62.544416
29.941978 62.460872
32.226524 62.388555
33.786293 62.533844
36.553846 62.025521
37.682026 62.174417
39.506254 62.463863
41.078730 62.066304
42.968236 62.029720
45.385928 62.182341
47.071088 62.535573
49.126696 62.500570
50.906475 62.744830
52.860792 62.546108
54.531773 62.552316
56.261181 61.986534
58.526022 62.412847
60.658827 61.960227
61.990514 61.820554
64.328922 62.291433
66.146457 62.395352
68.061393 62.140749
69.551916 62.261057
71.511984 62.243609
73.622880 61.990712
75.302757 62.417739
77.221866 62.072428
79.360122 62.502814
81.353011 61.674018
82.702996 62.239793
84.728236 62.371370
86.794666 62.233388
88.675204 62.004822
90.649273 62.017294
92.441367 62.085467
94.420870 62.544674
96.281114 61.685495
98.038825 62.255499
100.029404 62.213605
0.283449 64.315397
1.730335 64.282037
3.656504 63.735078
5.129774 64.430241
7.396472 64.429643
9.080777 63.911978
10.964146 64.005796
13.175514 64.050857
15.048787 64.116803
17.374426 64.002452
18.946947 63.958410
20.720507 64.166093
22.440458 63.863485
24.592665 63.988004
26.029109 64.305482
28.556633 63.930066
30.161333 64.311952
32.031490 64.045903
33.986126 64.057426
35.808639 64.321975
37.785135 64.112054
39.537520 64.422100
41.493218 63.927660
43.507576 64.367162
45.101587 64.263058
47.173566 64.208635
49.263946 64.416721
50.701767 63.993264
52.691781 64.312046
54.714877 64.130571
56.675464 63.755169
58.308240 64.214324
60.545333 64.124351
62.418467 63.897565
64.407140 64.375341
65.977324 64.136245
68.322039 64.113852
69.852547 64.286173
71.612257 64.273135
73.528098 64.182870
75.667411 64.440380
77.155580 64.111153
79.330288 64.298531
81.000613 64.170083
82.991371 64.111582
84.860269 64.198053
87.022274 64.210571
88.593132 64.402309
90.647883 64.520993
92.556907 64.209479
94.056607 63.881458
96.054791 64.254472
98.279528 63.649028
100.356386 64.281787
-0.209350 66.380997
1.537008 66.164066
3.846825 66.088989
5.892184 66.214724
7.658144 66.158544
9.305156 66.280081
11.479004 66.003903
13.087584 66.114841
15.038111 65.806634
16.934811 66.411352
18.976954 66.179217
20.937967 65.900407
22.224061 66.451081
24.333924 66.028976
26.518796 66.307214
28.508172 65.961906
29.872661 66.362909
32.268183 65.863808
33.867419 66.040082
36.406005 66.435220
37.650219 65.845467
39.765027 65.780782
41.373888 65.889517
43.415842 65.891891
45.260777 65.732956
47.108051 66.098167
48.745564 65.815297
51.164285 66.000243
53.228758 65.877339
54.861816 65.995375
56.684317 66.238178
58.366965 66.003532
60.561727 66.077931
62.380320 65.843602
64.101126 66.152573
65.735987 65.987392
67.796593 66.546030
69.841243 66.719834
71.617443 66.383388
73.519174 65.951947
75.399232 66.072811
77.601798 66.360061
79.661894 66.060713
81.191057 66.316005
83.043470 65.766564
84.602593 66.466702
86.902263 66.183494
88.839043 65.951683
90.728668 66.173076
92.396479 65.988641
94.877283 65.879490
95.870336 66.130762
97.622376 66.055144
99.993950 65.995181
-0.004570 67.855921
1.780293 67.808169
3.701388 68.114048
6.113610 68.085243
7.528086 68.001587
9.439146 67.815553
11.168104 67.763750
13.244652 68.103302
15.509068 68.159365
16.916321 67.668142
18.570435 68.122972
20.289479 67.988755
22.684195 67.850513
24.221250 67.851239
26.637611 67.851983
28.145415 68.408401
30.349909 68.204929
31.875800 67.946748
34.189755 67.659535
35.777745 67.827909
37.477785 67.989281
39.922028 67.858229
41.348875 67.922759
43.030122 67.868488
45.586461 68.004936
47.450873 68.186901
49.298374 68.124044
50.800139 68.044292
52.247135 68.114260
54.196562 68.201413
56.534199 67.658474
58.660052 67.785246
60.511214 68.244982
62.190070 67.765970
64.358263 68.164002
66.016641 67.812457
68.296693 67.845756
69.883463 68.007160
71.709530 67.646216
73.938024 68.160719
75.391669 68.104203
76.852669 68.189102
79.194802 68.163248
81.368332 67.553507
83.297625 67.661168
85.178054 67.784688
87.012771 67.828332
88.649594 67.790928
90.200878 67.702133
92.444239 67.917179
94.240440 67.762973
96.084661 67.865529
98.085654 67.966549
100.068145 67.867172
-0.139617 69.768821
2.361614 69.838107
3.863982 69.380797
5.614975 69.834919
7.434367 69.715649
9.310886 69.887379
11.197656 69.876235
13.657870 69.520449
15.382120 69.886833
16.959546 69.689463
18.941261 69.412342
20.796285 69.742303
22.483872 69.904239
24.592345 69.730714
25.982179 70.103456
28.267425 69.854423
30.413786 69.853782
32.037689 69.922722
33.861013 69.555725
36.069879 69.602957
37.955885 69.408555
39.655411 69.438919
41.161506 70.151414
43.602849 70.037566
45.024240 69.729527
46.879648 69.929436
48.779129 70.065611
50.945075 70.146281
52.807487 69.838915
54.560689 69.992620
56.441681 69.355479
58.333595 69.663687
60.707505 70.005005
62.358754 69.945261
64.405683 69.637074
66.006915 69.832584
68.216260 69.714416
69.980492 69.628373
71.609101 69.728689
73.488763 69.922151
75.333668 70.156936
77.306289 70.242128
79.153835 69.899843
81.195906 69.894196
83.192053 70.109564
84.757626 69.688598
87.099493 69.949563
88.650001 69.751383
90.293510 69.605038
92.451290 69.605845
94.546799 69.662218
96.184624 69.845100
97.958179 70.192013
99.970173 69.786650
-0.262909 71.621423
1.710235 71.538500
3.433056 71.834443
6.202611 71.753675
7.222940 71.491514
9.405473 71.799185
11.830165 71.988581
12.827195 71.900206
15.088830 71.722765
17.021012 71.583934
18.925199 71.885495
21.081175 71.917640
22.813182 71.533267
24.374640 71.523154
26.222020 71.708156
28.295057 71.710753
30.156612 71.665936
31.983501 71.769572
34.237242 71.509804
36.212925 71.704430
37.940982 71.721053
39.577720 71.798731
41.246217 71.789019
43.237503 71.916175
45.385908 71.630436
46.784881 71.815978
49.298883 71.617359
51.136973 71.633369
52.896890 71.964836
54.689846 71.672112
56.703736 71.918892
58.243339 71.498656
60.353159 71.504691
62.302725 71.887759
63.813976 72.129461
66.103790 71.335977
68.404627 71.836146
69.972294 71.574245
71.661215 71.848831
73.262916 71.336406
75.412367 71.431098
77.228356 71.710340
79.471936 71.311594
80.928788 71.378625
82.710369 71.828208
84.951070 71.977279
86.466451 71.499544
88.698107 71.504467
90.697718 71.282152
92.606850 71.606888
94.580331 71.875034
96.169461 71.693605
98.182916 71.680211
100.158957 71.724388
-0.016457 73.712106
1.778786 73.752331
3.762013 73.600386
5.720273 73.443019
7.465715 73.864449
9.286745 73.856932
11.279262 73.515476
13.426406 73.679241
14.924989 73.579883
17.042190 73.218985
18.815823 73.762015
20.727774 73.352426
22.736538 73.664246
24.619412 73.343366
26.213801 73.520449
28.183043 73.772596
30.332687 73.799403
31.999150 73.539386
33.945998 73.466262
35.946994 73.588335
37.887051 73.403820
39.776657 73.325739
41.006467 73.366866
43.630036 73.850716
45.700222 73.720740
47.342329 73.847740
49.202896 73.593201
51.239443 73.492728
53.096962 73.642596
54.620872 73.556631
56.404083 73.866779
58.756442 73.510146
60.761998 73.828409
62.307716 73.967168
64.544233 73.892017
66.101994 73.672927
67.693901 73.525156
69.947601 73.796507
71.914055 73.752088
73.758545 73.670277
75.675380 73.368578
77.437801 73.740908
79.027601 73.433153
81.204288 73.753323
83.178758 73.880008
84.647145 73.509853
86.715876 73.354309
88.472516 73.638347
90.707224 73.680852
92.125448 73.965025
94.298326 73.296443
96.022933 73.380224
98.074326 73.822447
99.924714 73.561164
-0.038662 75.497771
1.635467 75.634565
3.873585 75.222175
5.815495 75.620081
7.614874 75.507313
9.405144 75.538711
11.519517 75.652938
13.016706 75.432694
15.308358 75.427355
16.779487 75.366338
19.066361 75.307756
20.797084 75.527759
22.557250 75.641356
24.220137 75.673208
26.427569 75.499302
28.586690 75.503542
30.180800 75.479540
32.065908 75.440452
33.973948 75.347551
35.921960 75.739359
37.655366 75.359480
39.632406 75.400356
41.396351 75.656755
43.243432 75.497977
45.064600 75.422099
47.095918 75.675026
48.460143 75.077602
50.738908 75.483384
52.932736 75.424845
54.767570 75.347815
56.386912 75.611361
58.491544 75.697038
60.411529 75.760428
62.399373 75.433650
64.258255 75.536792
66.221714 75.218352
67.773215 75.126557
69.747936 75.281012
71.929928 75.685982
73.696861 75.704930
75.114923 75.595099
77.662533 75.533259
78.933621 75.788947
81.245457 74.943755
82.808284 75.375499
84.860626 75.224616
86.973806 75.613095
88.535362 75.374416
90.257910 75.652750
92.369100 75.537030
94.006914 75.397698
96.472320 75.679131
97.997929 75.511348
99.944755 75.662715
-0.197997 77.513381
1.862125 77.623513
3.535135 77.366413
5.654694 77.241132
7.525907 77.352351
9.603535 77.497995
11.051583 77.463569
13.221217 77.138775
15.015430 77.567156
16.841362 77.249290
18.991758 77.253463
20.779772 77.627095
22.768125 77.372074
24.636175 77.510635
26.229427 77.351535
27.983649 77.266105
30.153757 77.504606
32.632977 77.324697
33.314197 77.555955
35.620005 77.337838
37.984691 77.438240
39.963744 77.330305
41.529583 77.218159
43.263202 77.563856
45.429564 77.529734
47.445319 77.360389
48.550562 77.468297
50.782321 77.578337
52.748825 77.472801
54.523330 77.114041
56.719783 77.255929
58.402942 77.644094
60.427835 77.286072
62.094629 77.373630
64.551695 77.271889
66.233615 77.570274
68.220242 77.169127
69.617199 77.632387
71.834274 76.974518
73.421166 77.461047
75.738222 77.307476
77.460852 77.111843
79.127599 77.404003
80.849783 77.189003
82.782205 77.236719
85.154085 77.609194
86.809534 77.401270
88.539674 77.169901
90.551212 77.206004
92.442929 77.428925
94.069786 77.711904
95.877919 77.135368
98.248792 77.305753
100.042352 76.978117
-0.257510 79.443006
1.653012 79.199205
3.588235 79.351076
5.857000 79.365666
7.581920 79.243340
9.517080 79.368071
11.293603 79.056382
13.095378 79.361407
15.256209 79.425372
17.162998 79.650641
19.197781 79.364373
20.477886 79.523686
22.823133 79.190223
24.272350 79.374156
26.335227 79.267195
28.434843 79.107994
30.205023 79.279625
32.398023 79.670710
34.036118 79.068031
35.939386 79.209895
37.530798 79.394640
39.550530 79.446641
41.764630 79.547369
43.526065 79.393097
45.540870 79.423831
47.032678 79.408101
49.446260 79.183054
51.172287 79.223769
52.978759 78.975684
54.702598 79.229647
56.593103 79.119258
58.649036 79.056914
60.721040 79.421736
62.344395 79.383536
64.360783 79.462006
66.175998 79.134852
68.106839 79.466678
69.715094 79.255792
71.719025 79.503007
73.417470 79.562216
75.375282 79.252540
77.731580 79.510633
79.645319 79.066349
81.090440 79.505645
82.928331 79.183798
84.900918 79.269971
86.807810 79.250930
88.683835 78.933889
90.652282 79.581153
92.484950 79.235301
94.411432 79.544877
96.321002 79.133396
97.836239 79.135941
100.088727 79.342146
0.357714 81.091070
1.626773 81.196037
3.742336 81.312562
5.536934 81.140713
7.590367 81.228974
9.482925 81.260185
11.585308 81.174233
13.151624 81.144014
15.180532 81.013582
16.663447 81.282492
19.173883 80.850368
20.644314 81.271697
22.198905 81.004530
24.635924 81.158011
26.693217 81.348336
28.234156 81.492438
30.368740 81.395841
32.222929 80.848856
33.899299 81.108398
35.778553 81.265931
37.979770 81.099265
39.557851 81.250702
41.432560 81.166612
43.685449 80.727008
45.060796 80.716837
46.976169 81.327733
48.923053 80.872322
51.147664 81.382340
52.617994 80.938263
54.535817 81.409606
56.669677 81.044798
58.499032 80.972850
60.718211 80.800663
62.450710 80.786468
64.219559 81.092036
65.892967 81.042408
67.796729 81.013187
69.748913 81.286158
71.621695 81.055886
73.219991 81.267278
75.464536 80.979964
77.114167 81.299416
79.351190 81.179395
81.023162 81.163746
82.864807 81.166692
85.191851 80.925919
86.836874 80.785107
88.839597 80.956896
90.644813 81.523763
92.455007 80.875175
94.555277 81.203028
96.328518 80.782134
98.123284 80.779599
99.771041 81.332302
0.352557 82.824150
1.832067 83.222491
3.757873 82.881778
5.612024 82.599513
7.621253 82.858951
9.271341 83.220362
11.530801 82.934247
13.273854 82.909211
15.073148 82.918529
17.115044 82.862151
18.488400 83.224240
20.610751 83.133757
22.901404 83.476620
24.343639 83.208511
26.208140 83.122862
28.034277 82.819983
29.952592 83.029234
31.940434 82.853130
34.138116 82.547003
35.724014 82.947115
37.927937 83.532938
39.945922 82.980430
41.804708 82.851881
43.162925 83.279994
45.258138 82.700221
47.114118 83.347371
49.239059 82.828924
51.241063 82.967143
52.757886 83.054734
54.823851 82.846928
56.585843 82.470532
58.675814 82.826114
60.467779 83.124852
62.134935 82.831768
64.290697 83.306509
66.222893 83.171319
67.813629 83.004366
69.745777 83.066330
71.576741 83.308786
73.571181 82.891152
75.469843 83.082992
77.246820 83.087227
79.205068 83.243856
80.741492 83.064338
83.244643 82.709075
84.886358 83.294857
86.804787 83.098290
88.367005 83.052985
90.472353 83.156053
92.628458 82.973061
94.153757 83.125253
96.272319 83.107141
97.954645 83.243514
100.209506 82.723328
-0.071331 85.385846
2.352153 84.671162
3.773025 84.541051
5.629267 84.978709
7.961389 84.973609
9.587903 85.361910
11.444010 84.980333
13.616390 84.783031
14.871549 84.575661
17.283954 85.084983
18.515451 84.789885
20.959736 85.031440
22.580159 84.946584
24.684101 84.996098
26.624926 84.797676
28.294302 84.786266
29.913347 84.869537
32.289213 84.974132
34.183840 84.956137
35.707916 84.971359
37.774304 84.888012
39.615050 85.090747
41.659593 85.172971
43.467624 84.947000
44.980270 84.993487
47.192067 84.817045
48.970420 84.582975
51.379704 85.041993
52.959686 84.857795
54.396374 84.601381
56.458399 84.998589
58.491618 84.490961
60.641572 84.984869
62.424652 84.904532
64.052012 84.885001
66.042086 84.866341
67.763180 84.927145
69.620365 84.726880
71.458680 84.991268
73.495898 84.656261
75.509257 84.872545
77.240333 84.902282
79.178499 84.804289
81.199266 84.765047
82.949512 84.914243
85.019305 84.920003
86.946350 84.970547
88.776685 85.170708
90.604816 85.011236
92.432165 84.752809
94.591267 84.728143
96.583645 85.006696
98.098139 84.910729
99.791397 84.687265
-0.369542 86.780335
1.936018 86.914279
3.606549 86.833417
5.929961 86.801666
7.302235 87.120931
9.447150 86.534036
11.504517 86.741309
12.998709 86.927369
15.168099 86.919142
16.840157 86.666348
18.486334 86.770984
20.739332 87.133910
22.314441 86.867198
24.490431 86.669799
26.311812 86.884364
27.927864 86.634727
29.870997 86.258539
32.099886 86.422894
33.869705 86.675260
35.818330 86.552851
37.606308 87.076947
39.245182 86.770576
41.436168 86.791039
43.106834 86.472575
45.364594 86.839142
47.271716 86.944867
48.763611 86.966216
50.534967 86.734822
52.912126 86.657495
55.104493 86.543028
56.952303 86.503035
58.463397 86.962332
60.530729 86.944296
62.633225 86.796584
63.983029 86.937004
66.172008 87.062247
68.154741 86.741879
70.062039 86.891766
71.941867 86.583911
73.621387 86.774925
75.413871 86.830488
77.460567 87.099388
79.194039 86.974635
81.101192 86.623551
83.171576 86.538573
85.061494 86.674352
86.931708 86.773406
88.840531 86.959736
90.225178 86.663979
92.629017 86.914845
94.278290 87.043998
96.074155 86.613808
98.014202 86.587978
100.251271 86.659938
-0.027614 88.459615
1.765257 88.852823
3.932568 88.591140
5.778750 88.631734
7.638544 88.787202
9.629328 88.694051
11.580233 88.503607
13.028550 88.490894
15.067006 88.669459
17.122178 88.272014
18.879172 88.842749
21.013068 88.708260
22.960591 88.819834
24.376161 88.393817
26.257061 88.511664
28.308682 88.692688
30.149004 88.805620
31.639094 88.722884
33.819875 88.776847
35.620187 88.659308
37.673272 88.385874
39.364956 88.900802
41.508319 88.558157
43.488560 88.541450
45.091304 88.788457
47.268774 88.622640
49.332348 88.741365
51.142953 89.015730
52.685554 88.403685
54.916046 89.114322
56.564098 88.828461
58.745522 88.956617
60.474689 88.564194
62.467807 88.790806
64.399665 88.617171
65.352176 88.644108
67.886928 89.051446
69.760960 88.860972
71.378878 88.655174
73.682219 88.795606
75.236297 88.624363
76.937356 88.610180
79.440970 88.406836
81.132228 88.636706
82.793035 88.733238
85.488806 88.361979
86.934370 88.647108
88.475947 88.738809
90.356750 88.826625
92.224108 88.645209
94.583323 88.611720
96.044077 88.912055
98.245883 88.627128
100.158719 88.778067
-0.042409 90.731413
2.181425 90.480509
3.528336 90.381533
5.719845 90.523060
7.419400 90.723066
9.050252 90.690865
11.221894 90.550685
13.209127 90.715317
15.230865 90.536736
16.787187 90.896011
18.721395 90.528855
20.952803 90.863689
22.912928 90.545563
24.531148 90.475750
26.770836 90.758527
28.718670 90.859489
30.127546 90.497645
32.274953 90.500191
34.081377 90.068519
36.018224 90.693267
38.119612 90.808381
39.671909 90.441149
41.206969 90.800038
43.080226 90.633765
45.477635 90.764888
47.243160 90.743143
49.045320 90.404398
51.235871 90.795444
52.635903 90.773325
54.806735 90.533933
56.665638 90.113032
58.472864 90.468116
60.041656 90.419104
62.069818 90.903618
64.098336 90.326859
66.177394 90.217680
67.792845 90.133230
69.728872 90.338686
71.911742 90.421149
73.366515 90.454356
75.433132 90.390035
77.418889 90.749727
79.420799 90.448924
80.954198 90.804640
82.767300 90.736959
85.055941 90.344736
86.675290 90.871697
88.502801 90.554235
90.757651 90.533788
92.272217 90.716213
94.410345 90.782981
96.561324 90.416507
97.961528 90.611895
100.199992 90.585178
-0.422897 92.504903
2.075673 92.614857
4.166835 92.224473
5.616407 92.369176
7.722491 92.545568
9.435391 92.495126
11.303658 92.398962
13.139467 92.323608
14.872408 92.772236
16.957944 92.530084
18.989316 92.451518
20.633780 92.597583
22.671793 92.684387
24.357634 92.446798
26.400897 92.322765
28.407270 92.273585
30.139467 92.132426
32.056838 92.985113
33.965847 92.289227
35.999471 92.598805
37.813474 92.524566
39.750397 92.087728
41.510121 92.242594
43.609719 92.664331
45.120563 92.720138
47.168994 92.470309
49.043212 92.043465
50.900310 92.434422
52.656580 92.673121
54.661993 92.480758
56.699284 92.343691
58.638686 92.400280
60.631602 91.973244
62.344454 92.375529
64.458030 92.208292
65.685908 92.495018
67.803783 92.301400
69.917632 92.111401
71.603877 92.855664
73.736667 92.698919
75.452214 92.265351
77.813183 92.542453
79.400431 92.642893
81.778492 92.483564
83.084237 92.355311
84.617887 92.294683
86.894345 92.289818
88.977622 92.572624
90.887940 92.906630
92.106747 92.252070
94.292272 92.637000
96.295686 92.495575
98.267497 92.222330
99.844499 92.555012
0.202535 94.354849
1.984422 94.510791
3.736356 94.367702
5.762495 93.975884
7.423112 94.415506
9.472013 94.733407
11.248038 94.351287
13.158714 94.277806
14.888397 94.402967
17.036938 94.184878
18.689601 94.265756
20.616710 94.189807
22.772348 94.165979
24.529560 94.526808
25.858343 94.399659
28.959179 94.044990
30.079146 94.313339
32.132626 94.411471
34.107415 94.540684
35.866595 94.537596
37.936313 94.151422
39.672549 94.411280
41.404980 94.585109
43.502779 94.357890
44.911458 94.468125
47.007103 94.466480
49.155285 94.346544
50.884030 94.151373
52.589049 94.413476
54.691371 94.611250
56.891247 94.682671
58.609325 94.626302
60.092257 94.593851
61.894934 94.327115
64.543970 94.309455
65.777763 94.468935
68.236188 94.071211
70.129541 94.425852
71.719583 94.305149
73.454931 94.180625
75.503525 94.499481
76.947510 94.223831
79.546711 94.196315
81.116197 93.915900
83.151727 94.081737
85.040659 94.306134
86.839557 94.185744
88.548579 94.560548
90.839036 94.498816
92.375490 94.432413
94.367930 94.138473
96.330046 94.449053
98.481142 94.610329
100.009210 94.192892
0.175536 96.035573
2.133943 95.888792
3.738354 95.859073
5.739851 96.217769
7.389049 96.248079
9.494944 96.574985
11.380300 96.462122
12.890453 96.565519
15.178344 95.923703
16.707606 96.631442
18.629130 95.857973
20.466308 96.280493
22.299495 95.792885
24.661809 96.243183
26.418277 96.220662
28.158036 96.496404
30.237766 95.852535
32.401705 96.113766
33.964971 96.292457
35.708498 96.245393
37.853463 96.453329
39.565540 96.091300
41.662092 95.993347
43.588630 96.430527
45.109236 96.217065
47.339237 95.999964
49.329905 96.299637
51.076443 96.096853
52.544266 96.203777
54.824557 96.312833
56.840690 96.222054
58.248703 96.378106
60.689207 96.131140
62.005886 96.337964
64.177753 96.172142
65.949440 96.038378
68.003143 96.291695
69.939559 96.107763
71.435360 96.153031
73.913785 96.075518
75.482296 96.430936
77.295495 96.168271
79.256270 96.305100
81.048541 96.255988
82.758808 95.868273
84.797892 96.061831
86.754734 96.217874
88.515938 96.322125
90.484843 96.252572
92.362717 96.179557
94.440473 96.100600
96.138739 96.157958
98.091740 96.260550
100.116504 96.337023
-0.155324 97.901816
2.113241 97.965853
3.696999 98.194948
5.501096 98.152439
7.512536 98.159062
9.601316 98.177887
11.321404 98.116940
13.082598 97.924719
15.035725 98.181279
16.961541 98.309251
19.074645 98.118591
20.492800 98.111887
22.945064 98.190099
24.510165 98.485040
26.200662 98.314414
28.153439 98.251654
30.261711 97.929948
32.234771 98.012421
34.047137 98.143811
35.556769 98.237604
38.021063 98.616684
39.595796 98.350608
41.337030 97.889765
43.597579 98.194652
45.138987 98.136326
46.743249 98.314770
48.968843 98.625076
50.990571 98.215748
52.622325 98.205815
54.668516 98.122817
56.347060 98.251501
58.613231 98.314857
60.633975 98.359653
62.403367 98.206993
64.105785 98.277589
66.186070 97.768384
68.024290 98.097062
70.039665 98.404053
71.529413 98.002731
73.397791 98.023875
75.565491 98.184955
77.420172 97.911782
79.234301 98.064611
81.113562 97.813875
82.846261 98.010780
84.848670 98.300694
86.827542 98.097643
88.482323 98.152373
90.367078 97.844934
92.331493 98.169430
94.381715 98.143905
95.859002 98.514031
98.388957 97.999570
99.659393 98.621853
0.186397 99.905727
1.897423 100.391730
3.495478 99.898394
5.426048 99.999609
7.406074 100.169585
9.383530 99.752727
11.067132 99.794764
13.194356 99.837969
15.253701 99.919927
16.965628 100.256241
18.589942 99.833491
20.303991 100.064347
22.730798 99.685233
24.735756 99.895174
26.330916 100.229552
28.201351 100.227842
30.408503 100.577008
32.055665 100.153096
34.053139 99.931925
36.050061 99.964318
37.417471 100.133903
39.485036 99.880655
41.482714 99.882074
43.536138 100.139790
45.021361 100.003009
46.990374 100.205442
49.087753 99.749212
50.977602 100.088810
53.194238 99.479019
54.748265 100.058781
56.732794 99.869435
58.310730 99.997716
60.348660 100.251609
62.347841 100.076362
63.937646 100.029338
66.148558 99.795879
67.934243 99.922907
69.957416 99.952200
71.688948 99.976812
73.752104 100.012444
75.479273 100.047208
77.265295 100.191909
79.354522 100.105029
80.984946 99.888094
82.963656 100.056836
84.944217 99.687975
86.739863 100.065680
88.905216 100.153911
90.491230 99.930555
92.641162 100.020970
94.244781 100.084988
96.562317 99.767120
98.398906 100.223627
100.355540 100.044876
