50
43.008155 30.839825
60.506610 31.293866
84.739854 71.302416
61.765607 40.726892
56.578708 23.071742
67.459512 63.004330
26.203619 13.589421
72.099228 29.617431
11.341463 23.226302
0.794909 12.629157
70.873436 2.600599
41.220712 88.170397
19.729788 16.820313
57.683976 50.122971
15.733200 68.770417
15.321838 12.895910
64.332557 85.760159
59.987093 25.157543
27.141900 41.355205
48.732984 42.535165
54.424651 77.557337
86.556270 58.061411
62.885354 37.421727
13.695884 19.036762
37.684423 44.330915
6.351887 29.868463
64.411846 16.115008
3.553902 69.120415
56.182130 31.831932
91.381119 10.822492
33.415509 27.323420
9.720117 69.067572
92.614154 65.328744
90.586198 6.661847
49.951722 33.222221
40.065339 6.803775
52.418232 44.526863
59.216612 37.103431
12.075018 6.498183
91.401991 80.629100
27.672647 26.694573
53.907318 88.728807
51.155371 1.215104
88.057756 69.286180
72.148131 17.648420
51.232234 73.717286
40.095668 72.329483
24.412482 62.173072
72.042657 90.758089
2.033989 45.957745
