500
27.928548 69.410501
57.726401 99.985223
12.326137 86.695844
8.853836 37.922095
18.860878 60.912416
10.376953 14.477784
82.232849 19.254542
58.726810 29.867474
60.118010 40.606764
13.203287 38.014674
65.522771 20.529032
14.657876 81.605451
54.038021 87.376737
37.998560 44.953132
73.409102 63.020644
26.318051 92.985379
48.552295 28.652601
91.846085 1.348724
22.625974 29.168682
46.584648 24.775277
29.830954 70.046221
97.866359 1.472841
56.625496 36.562524
81.608610 32.224822
65.744542 97.626329
65.601292 17.508453
85.860193 12.184357
29.498384 20.443292
16.718973 33.014240
10.159529 68.624862
61.477065 34.707174
12.787482 85.288219
67.437596 92.015547
32.539052 0.254760
62.918913 49.430850
99.443710 30.563436
0.565115 0.600969
68.099040 34.162968
31.051178 9.766105
77.830622 80.872551
62.169579 5.751765
49.463660 92.411916
31.415849 49.316691
77.624351 71.242008
49.995871 56.238353
2.307640 20.265269
74.937615 81.929975
54.523815 62.672115
60.907709 63.485319
24.274113 41.453707
21.906904 69.862063
75.832045 28.788357
90.032359 33.330631
40.564615 50.034423
15.661656 90.329268
70.785962 85.588434
61.746849 67.312372
62.250341 95.692733
2.871681 31.858687
73.799673 84.191081
46.372112 41.067624
44.363345 30.887487
21.638451 7.657601
61.376048 5.930131
53.148463 32.063293
56.936560 3.707400
45.192147 83.218429
94.097544 27.640526
85.212536 77.663102
28.300173 16.339057
92.674197 17.690788
48.918372 22.134115
29.527855 90.259487
2.970335 39.567579
18.177932 82.012882
5.257291 92.014067
73.844495 68.698183
40.978661 10.889113
11.882271 88.542461
98.649293 2.091127
57.408159 93.336329
42.579254 28.463743
36.520041 67.187649
76.205687 2.478475
89.454668 79.751405
16.783900 99.408076
72.253253 81.108660
66.072463 27.714397
55.280441 15.308180
66.979385 62.439204
98.806186 82.706255
50.972808 70.240394
76.629647 94.858940
77.218158 61.821589
9.032770 99.928504
32.575090 68.303431
94.734346 78.987164
23.450986 70.228441
84.767621 84.581368
17.899425 37.065249
90.937620 28.896663
1.552930 9.706012
0.623027 99.700329
0.554618 6.833767
87.862553 27.599298
49.605041 45.234625
22.412168 56.936714
68.843023 26.791567
47.088086 34.383187
89.061628 53.722742
30.880732 63.678990
20.295447 75.778149
79.526580 87.206411
62.081900 6.703198
52.801029 87.609004
57.444734 50.752903
55.873906 17.365876
50.317696 60.102909
29.297527 82.830414
64.079778 35.974235
77.109795 55.106593
12.355677 0.948254
72.302506 84.739299
84.499442 84.424063
39.190558 2.298393
37.848882 88.533138
0.444710 23.962129
3.565847 8.575957
96.337947 13.888898
30.731163 29.913003
98.080283 46.380890
64.994817 45.263503
74.700429 74.772113
98.945053 6.939074
73.928255 34.953147
44.279210 65.367672
19.167209 14.300137
71.879944 4.258495
4.835253 25.957247
90.262226 89.417831
93.718781 77.092303
8.984415 18.875395
26.011193 64.844709
56.734188 63.537155
56.632974 49.991689
0.294163 8.095542
38.589462 74.095814
71.332266 28.054275
30.768446 54.245354
63.199007 59.967713
79.320359 15.225213
96.263582 66.470504
93.021328 53.771970
33.515137 24.592373
89.745876 42.344817
63.583984 75.897344
45.908889 39.055067
72.545758 8.762957
1.868569 65.491165
31.162146 38.623159
79.679019 57.819953
96.379877 51.011496
79.073191 38.660009
49.554983 73.944384
25.337109 61.409984
24.079669 29.735455
93.423101 49.462559
41.795453 33.927649
94.977884 1.406019
20.821000 6.293250
35.249507 26.648602
14.200184 3.583212
14.854059 46.464274
73.287208 56.377627
49.487693 91.319798
33.065980 85.395926
70.298112 30.604119
30.057526 92.013354
14.326281 9.204215
31.102709 3.834950
92.440231 1.687921
92.076943 94.162475
8.545525 29.211068
82.662597 40.727483
53.409484 46.526275
45.288379 48.469003
23.179341 12.650101
85.985061 27.630934
61.371791 16.470538
10.457777 48.781717
73.461287 10.397962
11.419038 94.365842
68.611358 79.849568
98.955734 82.083006
46.958373 1.452411
43.344984 42.534009
23.490839 8.175590
37.762111 73.666789
18.493249 60.979276
92.154406 60.202265
87.955177 98.159771
17.897160 58.305531
8.312133 78.817897
29.168681 88.729835
29.660628 88.331538
79.269298 29.513624
15.637656 89.603230
76.814211 93.494595
37.689435 6.585211
86.612884 85.095075
16.990727 94.966688
87.971176 74.006991
57.173366 44.602078
93.364827 88.694436
56.109504 72.271212
48.185075 94.668008
18.196366 81.435473
68.635215 63.228383
37.611171 45.720639
3.908087 26.390072
73.890612 38.804343
58.695295 0.797408
56.525184 21.865543
1.756371 50.952241
22.321011 27.367956
23.085059 28.286252
29.000475 80.383867
40.890770 0.847595
72.156954 25.469983
6.993723 4.732585
73.219139 55.498311
82.072897 29.549855
87.048098 7.058387
95.015916 49.371726
88.949970 33.959975
85.827959 27.467199
68.638324 50.433421
1.108797 62.084212
14.878196 9.590350
48.763249 96.272052
16.232954 56.007881
2.573560 58.062247
36.239375 44.818677
38.281871 41.319887
5.350011 71.629736
35.738043 25.877589
74.329489 47.752723
97.246335 9.908764
17.028722 19.906509
69.728105 38.765925
73.217835 96.590621
74.337552 5.825636
16.338266 47.055046
26.887811 59.031526
20.599667 29.463764
50.359681 31.814918
29.099328 19.337264
69.479550 4.614019
37.763678 92.653118
7.217968 87.814737
19.035216 5.436836
62.942442 37.161264
0.495824 89.162558
90.235241 22.975637
11.210262 35.230843
6.205250 50.497704
77.309862 7.896560
66.084577 15.158860
89.002093 98.677015
70.419421 86.966061
90.310812 40.673745
55.721448 76.334345
59.603659 8.230217
36.535988 37.664618
21.614737 22.889331
5.515363 89.736878
10.004838 59.517205
68.823096 75.684687
0.146560 10.287458
9.324331 81.447822
91.669918 98.935928
5.492124 61.890671
77.642704 24.716534
93.762165 74.267914
29.739105 72.615190
67.357500 52.163965
97.659831 35.913363
66.277219 59.982049
16.853653 43.237963
3.936005 97.754117
71.478119 13.747616
39.546598 33.865301
99.895676 11.804026
5.757794 46.921257
96.841917 89.219664
23.926094 47.905890
17.940947 90.105437
79.513779 19.638075
66.389778 92.872795
78.958277 63.459375
63.325992 48.480339
42.411871 77.067624
81.915237 5.881731
50.256182 73.769671
87.614719 65.716316
85.792720 24.167864
58.374170 56.672503
49.314443 20.448978
76.970943 52.402563
56.861939 24.462454
69.760609 68.001242
14.839864 39.622691
95.554089 73.895094
91.848322 52.758103
64.403611 93.637365
40.215319 75.526691
80.246209 35.764380
3.870855 94.263958
21.426297 0.122979
73.265517 13.329921
69.810957 89.053836
75.125522 8.363714
70.076251 92.636120
84.285111 53.555926
28.960017 62.197356
78.929756 81.905189
69.756037 92.486566
96.677715 28.051387
75.829778 40.981028
60.156721 54.559882
27.917196 13.374844
20.177135 29.430019
86.008136 47.304205
66.777858 14.685185
89.352985 28.650486
52.557431 68.907570
33.465353 23.915881
94.730421 87.465177
96.949272 16.355931
10.640038 62.728530
73.896127 51.504164
64.734880 82.277213
88.167352 12.782538
4.527719 7.893740
90.023121 84.836061
40.983062 34.579131
21.747316 9.660353
70.535634 49.870904
20.695693 65.732459
83.736919 79.587007
61.042115 41.668967
7.226244 66.900932
83.574759 18.702757
72.353448 46.128107
36.553863 87.536317
79.209790 5.560447
43.270909 96.152652
92.419605 61.621264
71.416006 84.335068
55.847535 6.919414
43.465582 70.589208
43.480341 85.498330
55.122962 59.000156
25.025309 6.673499
83.119724 44.060415
44.802254 27.862018
64.147981 11.506950
68.021258 67.930408
29.322409 43.346959
76.420238 17.909947
66.340437 97.681864
65.087397 59.681276
41.856191 96.696206
17.766813 22.801754
57.794123 20.464348
53.424663 13.823947
57.391296 46.154799
83.304300 1.686129
97.457997 85.534128
23.565825 99.461669
11.673402 18.657226
4.313217 37.249278
2.974555 20.751172
81.000415 66.413576
49.269858 82.707077
59.871517 91.375094
8.294657 8.000855
45.392137 51.432706
14.580320 2.432566
20.637685 33.060180
48.555063 79.020735
46.535907 12.844237
54.215941 73.961324
18.553108 21.515034
69.586760 48.508572
36.410575 61.379198
51.066902 85.068441
8.214694 45.117392
42.876386 60.497626
74.155104 72.429499
57.598918 21.053138
53.059810 39.710385
3.833664 88.545638
24.153029 77.871220
90.747762 70.346925
28.055901 26.879705
68.040960 18.144440
79.465428 66.902255
29.767380 85.429352
36.516502 20.049089
83.903864 5.591448
32.731386 34.322342
94.802317 53.429409
63.455008 48.544976
5.734544 63.682852
73.862837 12.433904
19.376213 54.352419
57.752319 37.353919
23.369560 7.053898
23.273081 96.683788
39.640083 29.789247
7.159228 16.495018
45.359055 43.447661
51.026514 18.829472
95.907928 17.241369
37.091646 8.233311
79.392240 36.105561
12.948202 29.704386
72.223354 93.479078
16.505883 99.190101
75.380874 35.980409
60.254075 10.118919
24.710041 1.510155
41.473258 88.985205
19.907868 31.428623
57.376487 82.211080
14.346143 18.832532
67.093126 8.090563
89.256794 1.843166
53.883303 1.726388
23.871790 49.616451
44.978526 68.445034
74.553585 29.185740
78.605148 84.457791
62.908685 4.545917
96.689337 93.549275
10.250061 85.800844
43.092363 79.815293
75.045988 18.274612
75.594326 95.277579
74.840799 75.808111
7.235711 21.187079
51.048607 21.050709
49.256730 62.573484
41.491871 78.229416
7.010511 80.925741
56.704288 86.206965
10.303852 43.205397
37.094499 45.965038
62.165996 59.340212
19.727862 64.903640
85.311265 44.950100
51.862848 29.193371
43.888120 33.065614
79.652001 71.926007
6.653433 93.755249
11.267505 48.200808
96.815818 35.904447
77.653189 9.502999
18.435960 20.938848
95.301460 98.042848
25.951764 22.629238
19.539439 91.376226
57.058566 76.464387
81.795220 89.476600
75.118529 6.498652
43.553610 22.790145
65.936866 58.630960
80.616586 28.954828
7.656218 53.446135
43.399674 49.598772
44.422789 16.491673
15.543151 69.999716
14.076096 18.218619
69.962145 32.719239
72.135192 20.610878
53.384529 54.629596
64.128837 60.050208
20.380270 63.032988
62.126413 26.689737
57.275684 64.131224
25.677532 11.432663
12.807590 66.662246
0.574500 27.089755
26.110141 29.346972
43.935699 46.810855
56.512999 58.335414
27.799614 89.866585
37.911018 3.197519
34.822072 31.426397
