3000
38.803612 34.901029
78.323372 34.499982
59.614830 45.979343
49.047761 68.549675
60.282967 2.168168
38.767618 59.537976
43.358217 44.638813
53.769698 2.496669
44.200180 69.540394
75.062420 40.944754
16.903055 93.838929
25.720385 102.353755
59.814766 20.796708
43.442389 54.088241
82.316886 50.967715
54.339328 36.490799
47.560041 46.304358
83.300774 37.225838
53.358370 46.576979
61.505836 -11.905969
27.717450 96.340997
28.620660 90.568367
83.635859 47.103434
71.949701 14.862565
48.397410 62.357045
78.796428 47.211657
30.234467 101.193077
60.387482 15.956545
18.108743 101.141041
56.223176 71.511789
72.310535 51.085086
31.725782 101.646081
48.809986 34.868577
70.255296 28.367000
84.168285 46.712393
16.994652 103.866634
41.473659 49.655046
49.763179 74.311746
83.455817 42.650114
43.924490 51.773042
30.045782 101.993586
31.788801 93.314305
53.219460 70.256774
56.991671 23.492355
30.732925 90.963935
52.071510 47.405002
55.314850 40.525085
46.233913 45.111594
17.789139 97.725896
60.525657 25.328709
82.814015 39.273972
69.770378 47.813828
43.113865 42.901555
49.313452 39.009878
55.952770 16.482412
29.379690 98.138215
36.891636 65.301862
50.067451 35.273453
22.523207 111.061974
32.536795 95.054366
37.050898 40.728126
62.311874 63.610604
23.115164 92.634054
27.510398 104.169478
81.993723 30.577187
47.301880 65.274620
80.425345 36.600515
37.393286 39.572063
50.285789 31.505334
14.677545 95.147023
68.668170 42.478312
59.487415 8.888688
57.509832 71.491247
28.696393 100.515163
46.237707 57.911420
82.564265 40.079102
75.120815 44.415436
71.682033 11.894763
55.162738 17.224459
65.626254 41.946533
72.606263 35.908127
57.408076 54.249869
79.968083 35.625558
29.630887 96.357845
50.388476 47.296435
27.693662 86.242757
65.819371 0.203876
12.784144 95.597514
73.417790 39.318920
64.966494 8.839113
54.064814 28.526881
28.299351 90.928766
49.075155 29.145695
51.687917 56.030575
56.303617 70.297539
59.426849 5.229429
57.663898 48.706561
40.040353 34.584174
31.270673 101.984847
14.642050 100.660002
34.888943 95.017475
53.586179 62.992961
59.990102 58.762439
63.756303 61.218615
53.716426 73.220511
27.758777 93.164864
53.498278 10.768885
54.026992 -7.730334
49.481691 12.894240
57.074751 10.009714
68.833068 38.079410
58.628846 43.567437
49.054097 28.790182
27.319048 90.308032
78.528823 48.946993
62.218303 65.755077
86.933858 36.784372
54.461504 23.840328
71.274430 45.797747
59.262259 11.483093
29.047182 87.124168
91.268558 42.324513
43.234886 35.068536
23.149294 96.734488
53.868489 63.153306
55.372955 12.075407
71.302323 42.114430
59.482524 29.273817
70.973158 16.755952
43.929620 51.248911
70.740359 51.460190
74.029702 33.923912
27.068516 103.493635
59.971488 12.618707
53.860529 64.981122
51.581054 39.924492
71.220372 40.547173
59.285039 42.720324
53.919052 63.291969
57.467401 9.223359
55.278056 13.145073
25.899058 102.326449
51.448615 43.984091
29.738514 87.195925
34.080564 44.952836
50.090471 41.199295
23.974645 98.052995
47.520426 39.096059
55.242114 68.736145
21.485205 85.601565
94.797441 40.743438
46.371244 41.307981
46.388439 45.268339
80.072243 44.538895
45.077629 67.619507
45.107386 40.357256
69.554760 12.889030
29.858397 85.488979
49.017986 45.825391
27.956749 93.420903
51.488889 57.651245
69.558073 14.197185
83.267609 38.351640
45.739384 28.086248
47.155421 74.190566
56.189708 50.939046
71.100186 3.001082
44.535410 65.176651
68.634389 27.287209
75.571214 32.551562
47.289401 41.694339
26.719602 107.230674
53.329493 64.760291
56.187645 10.276640
51.633153 0.138584
22.098485 102.362786
31.482131 98.942838
83.173216 30.156194
84.027524 35.068930
48.931749 35.927250
45.487087 45.169464
47.663460 66.217121
47.586368 33.268690
32.023095 99.180155
24.656137 95.453243
28.205420 106.900277
78.724526 30.980917
53.570138 72.561427
92.772377 40.194104
49.802324 65.368837
53.044755 62.532765
58.283673 8.801886
60.449683 11.824397
77.028298 47.823483
58.569719 14.053856
35.388194 43.010730
66.537207 28.470745
58.669123 15.579019
37.969955 93.586954
57.438111 45.224229
41.761716 45.100707
51.047944 46.226642
50.614760 13.543956
24.748249 102.678418
54.268553 42.550619
46.768944 59.130529
17.601284 88.621097
56.731694 8.149859
43.130650 69.452445
76.498399 39.719306
60.426973 50.169171
53.916535 58.397375
56.709010 61.337755
51.988379 38.260592
35.313570 91.841238
18.343034 80.985421
55.293678 17.946754
21.073338 98.862297
72.655249 54.637707
86.133378 52.374139
71.976014 39.920067
34.707277 102.153734
38.995286 103.684619
44.393889 64.451282
23.624381 75.599794
14.850513 98.666888
70.958744 47.542895
64.902421 18.459288
63.020608 23.940292
95.751387 42.420134
34.553807 39.819907
62.017414 57.941033
50.132666 43.046418
77.939710 26.605216
31.623254 46.988077
52.438300 60.587700
54.547358 72.406927
52.558651 25.054153
65.352434 42.975213
53.457066 30.349638
63.898109 73.201930
75.003909 49.168309
31.210228 98.704769
50.521206 26.813757
45.879142 71.199093
73.786622 33.980329
66.475847 47.041053
61.161371 67.292500
64.862146 69.304950
71.720287 49.210906
64.286968 4.270546
30.729089 96.989261
54.603586 65.492109
77.753660 42.029522
49.823379 15.199360
59.335122 15.220906
76.779064 45.460980
27.634845 88.535960
49.558971 40.583383
66.112771 16.061389
51.280898 47.753557
16.448626 95.948015
65.164739 67.603468
60.123524 41.017528
85.358552 39.099785
69.847130 69.496561
54.784970 63.692518
57.136457 38.951605
32.475892 84.766823
23.167729 91.578569
44.993194 72.859655
81.591030 39.050273
77.883641 46.781996
55.328601 57.922127
45.539139 37.054132
76.715183 48.213284
17.906997 89.384257
20.795047 94.589844
55.717167 39.087039
61.459241 20.079030
76.220621 25.141081
51.201619 61.950148
47.820516 40.606166
72.785969 18.015171
47.620886 32.545022
45.807149 67.175926
83.757543 46.804813
30.401119 102.403687
56.979923 23.534026
19.399349 88.447158
18.597990 86.295974
37.183504 50.938754
54.646593 58.423534
58.161699 13.612568
68.691513 54.836443
45.963102 32.928851
22.784744 104.725843
52.327679 58.053530
64.742438 11.736934
87.811460 33.823216
23.652154 95.041395
51.947541 11.944467
35.873801 106.444044
54.778554 66.831625
71.018716 37.488910
51.808348 36.350285
51.404963 37.063014
82.975662 30.068247
52.941677 51.682008
54.485716 15.074918
64.491524 63.543551
67.064239 11.706364
54.033652 43.823160
63.790856 44.789201
73.378545 42.349711
60.917988 17.648695
52.934764 16.266649
64.871298 11.475569
17.996105 91.768011
62.143535 16.110692
54.448104 49.902321
43.604165 44.312875
61.548865 21.894554
44.710621 69.948765
21.349586 91.597873
59.534494 65.307948
75.358767 34.169426
48.023073 27.584516
48.977377 34.575848
62.475402 15.183938
56.531749 55.321001
74.144929 8.038605
45.990506 4.841734
85.137110 31.979143
44.233532 39.777577
47.849300 30.216942
74.003192 35.945721
61.134550 10.587096
38.829636 39.918524
53.858168 8.998527
57.306031 71.039519
20.346039 97.922864
23.880609 99.452764
33.258140 80.867287
19.329377 90.780043
62.399785 27.434250
61.215355 3.475276
63.543752 14.991558
51.039044 38.393406
55.526062 38.299194
59.579577 62.033569
52.147134 57.503754
18.505618 89.672786
58.229879 64.783614
50.428063 61.451657
69.048093 43.573207
43.737622 61.087210
27.750430 81.133417
56.263407 65.183520
59.374367 67.561875
53.650565 42.803064
58.607479 61.752085
62.967096 13.156654
37.588890 36.418488
87.467920 39.064605
71.772751 46.195980
47.783116 34.521070
86.940395 43.136451
69.864449 24.220804
24.096378 89.541860
32.067289 91.232297
55.659575 8.662028
58.693922 8.480318
45.442550 43.265168
58.277057 66.178816
57.051548 6.501477
57.795610 45.293876
62.918152 12.912814
49.020588 33.109069
56.371809 69.075968
44.873311 58.591633
48.473045 45.405299
50.627563 65.891999
22.070732 101.533341
55.296842 26.542994
31.567693 92.425069
51.685380 72.922707
62.366349 13.851823
32.423883 94.166241
26.557332 91.896472
66.079424 5.824286
37.815396 31.345448
62.105106 7.251741
62.186388 58.572082
61.261911 10.351568
28.401074 101.380543
63.129414 8.255437
23.644048 98.036804
44.344859 95.971347
57.326257 62.811739
39.567398 22.620990
24.292455 93.107643
61.148458 16.683271
58.339184 59.983462
12.630639 83.983011
47.801859 57.998998
40.901594 43.630119
65.514098 38.728001
82.008840 40.954794
54.142773 60.415781
61.158709 59.590575
79.441640 52.217202
80.330307 44.332198
59.308014 70.910154
87.241082 44.219084
80.883392 48.217530
44.272130 41.432810
52.175605 59.540623
88.605719 40.500439
87.292505 57.001540
67.333090 11.781956
85.046929 45.772781
54.443249 65.471368
63.629578 17.702258
85.226140 43.473499
30.990575 96.089507
38.253622 39.678125
68.437397 41.645569
42.802752 41.259041
57.512864 8.674608
30.661843 106.538798
83.314207 45.399382
61.182086 3.436078
39.668810 62.721875
50.172137 38.999342
63.431089 53.621723
55.497463 77.149945
53.182778 62.198494
43.840258 67.273375
34.516509 99.357966
89.510478 41.859874
20.154001 95.785446
52.851471 31.263004
51.128174 39.210634
24.976078 89.718866
50.855609 35.337723
47.860344 41.155532
52.291521 75.392827
79.337116 45.868979
60.841697 15.085231
46.047991 40.361418
34.515846 94.897438
69.311285 45.055748
56.959344 20.022548
87.964267 41.637594
89.610876 42.818552
28.118116 89.664628
87.393714 39.457565
26.474744 101.947586
84.516257 44.963531
61.666147 8.702393
24.919007 85.285204
60.614030 64.827069
72.823142 38.132887
75.876237 39.538935
22.126631 90.201534
89.704375 38.576333
32.257904 88.698027
73.714269 48.050038
87.139742 48.531551
47.553448 37.930596
14.891526 98.737844
65.637818 31.163917
84.105706 38.757129
64.325366 32.002573
49.082675 37.882379
81.028280 43.653373
10.747093 92.878409
27.861173 86.545254
43.856456 69.752988
41.238627 36.389725
77.289238 42.384592
51.203391 45.505659
30.397099 89.576315
76.930982 54.865603
49.650683 64.256998
71.395721 41.691556
38.985004 46.357903
46.560271 53.184404
22.849295 94.765609
64.971653 14.785571
44.200972 46.568358
95.091651 41.365743
56.366332 41.218201
53.817671 59.664924
39.973102 46.304802
28.409109 84.207631
64.958604 29.788790
78.908538 41.669940
47.922646 30.403621
32.081279 85.659631
50.536165 37.905725
63.937106 14.495987
44.102213 31.115805
59.593026 5.867117
68.671081 46.568474
29.409013 81.859828
65.301845 46.020415
49.967602 44.784129
67.743453 7.882542
55.810591 2.699589
71.882104 38.000119
77.561441 31.420974
68.739348 44.533971
31.950227 97.039236
86.793605 39.333501
72.962591 51.411731
55.819698 67.049885
28.108346 94.076692
54.613687 66.962456
35.820694 48.278132
74.603565 45.663496
56.642344 35.820733
53.865727 12.029488
69.177197 11.219351
74.380757 53.935099
60.292337 3.087787
47.948745 55.221313
51.271630 15.061150
59.180970 15.128251
33.383304 95.295148
13.904789 91.126420
18.571416 83.528227
77.786901 32.453759
36.218012 33.801643
43.616718 37.113252
75.232361 54.668338
36.388314 30.929250
60.913443 70.044898
43.697508 37.556729
73.732103 38.154746
72.964215 46.553353
57.291032 44.396648
63.674913 1.743686
39.956618 58.056782
52.821776 45.398621
49.792586 41.661599
55.753645 52.610832
62.472005 63.817308
75.780453 49.705996
48.008962 5.257622
76.537248 34.325159
55.315523 38.068952
57.034303 68.192429
45.589034 39.743857
49.711584 69.079193
86.054297 41.251152
53.979377 21.432585
61.836733 7.480038
81.689415 48.805234
73.170834 37.542909
73.914034 39.339943
52.250684 42.114188
48.894068 5.006680
68.225803 19.663976
20.293016 113.979613
37.583877 41.442645
70.209997 40.152638
43.594120 73.689475
20.418304 103.476288
56.560769 36.845539
41.509010 32.806853
41.157089 90.253415
36.172011 35.449956
45.746429 78.991924
40.151389 70.597110
83.399997 49.822616
54.737467 45.923763
39.489705 27.679211
47.632071 28.736946
28.497829 93.222503
47.530671 26.727329
22.286454 97.947831
43.556263 50.188629
56.912934 69.306479
70.905200 37.452052
21.087712 69.221283
59.044862 -8.794962
42.997140 68.432104
48.030974 13.734717
49.784920 50.253388
79.649223 55.542317
11.086041 89.182143
85.498555 49.079620
51.942455 61.965488
45.627289 19.710125
72.383980 38.170358
63.147605 12.682713
79.023055 10.537252
29.727147 95.101842
46.090600 59.872197
36.481444 90.191466
41.319848 58.737358
47.679492 68.980351
50.137197 64.044717
18.226905 93.426357
69.431358 45.273466
81.419454 52.368140
40.932406 86.793994
56.940691 17.354003
24.725968 95.641381
85.323452 53.765984
57.518876 39.102186
63.345241 20.646568
91.453638 43.681896
64.068624 41.841896
46.861606 37.970568
54.431427 59.904975
48.829996 68.710852
54.672566 3.562174
67.339971 59.152023
13.173815 104.887918
51.877775 36.444024
43.483264 36.409324
64.519924 52.411019
64.931749 64.204380
31.076296 101.715208
53.620569 30.202091
46.132070 73.864475
58.531157 13.355028
65.192421 72.624764
55.900155 7.037697
51.216037 22.799122
81.525733 31.400435
29.428150 85.059924
59.323428 66.089963
56.912033 39.066978
39.711139 37.965470
54.398260 67.661711
50.581561 36.499083
49.635788 2.909417
38.719565 33.602356
65.216127 6.753743
19.618889 95.664414
46.102949 60.377508
73.232508 46.375678
55.256952 61.581176
70.881388 41.342097
51.014083 29.957690
58.348966 39.561614
74.623193 44.166059
53.548197 8.468640
54.453923 58.150224
81.985424 34.754404
51.130457 66.236285
46.018066 70.577123
82.293985 43.658019
54.467374 56.680558
72.368029 40.108460
13.149250 105.605000
54.673955 27.587769
48.853402 77.874021
69.414480 42.390526
64.540571 3.350068
55.650187 55.961683
88.284091 43.533006
52.246324 63.906061
48.796943 17.265065
41.037471 30.211693
49.176737 21.506877
49.329784 62.481932
56.753049 61.683088
79.323878 43.452974
43.282336 50.903758
50.386496 59.542628
39.890771 39.883641
44.595802 51.055514
53.797698 10.761089
27.356076 97.235161
19.509132 84.542991
72.035320 3.149241
53.287720 58.970294
40.033712 42.420367
70.926425 27.925121
82.744681 38.312669
79.893583 36.796353
56.036711 11.906372
51.554598 79.754779
46.323390 26.762176
31.129259 89.973712
48.220242 42.725663
68.743753 7.987556
61.089826 16.333249
50.225370 74.573229
59.900302 63.545117
56.171571 34.390236
57.104475 9.876107
9.135537 99.037606
32.886710 95.388873
83.990972 49.265832
21.211215 93.173828
54.742844 32.188213
68.007146 36.137480
23.723736 97.056828
76.365794 17.776085
74.426359 31.041211
36.292754 42.923719
44.046888 38.441958
55.915786 71.025479
48.026861 54.205577
77.022363 -4.161833
49.490856 52.892002
47.286782 66.538898
61.830826 63.731074
49.344781 38.464317
71.786761 47.206941
56.161657 80.328355
20.418517 88.669094
54.342686 52.423026
49.336302 52.043282
68.717673 46.725256
41.678911 89.189999
23.948442 94.912149
77.005877 60.236000
65.912384 68.818424
80.444116 15.660277
76.549010 38.836010
74.855250 44.397541
44.245528 36.790120
89.595575 46.191142
51.917184 79.987833
26.085420 95.185577
52.219062 76.559420
77.880178 40.850206
62.603675 22.105249
81.781974 43.437141
64.595630 12.381919
22.185508 87.325718
88.323105 47.967831
58.838612 37.901423
92.409548 47.329131
59.368465 73.339560
38.506057 52.084611
23.137136 96.011888
70.754612 45.546787
33.625487 96.756885
50.364488 10.263485
68.769745 7.322431
50.267275 70.015275
43.673696 40.151832
59.605625 14.099207
72.346502 52.903921
74.168312 17.312029
62.510388 19.256480
71.214328 17.954849
51.822568 42.721850
48.373402 36.839030
53.060726 43.206653
78.822800 51.950885
56.863676 -4.738258
47.469181 72.951870
43.232384 60.810304
52.260291 78.018697
49.552803 38.482737
82.189642 51.400180
79.848990 10.832095
66.857896 16.009521
61.586162 9.930242
64.300788 16.572211
46.830436 43.807451
62.376535 10.965719
78.357646 44.381820
52.897191 34.033891
22.551930 105.619162
51.091670 29.761672
56.177728 67.959121
53.331966 42.546497
66.250550 15.407279
62.975399 17.761212
39.141064 39.126186
73.439059 27.723755
71.243755 17.344247
57.804331 62.637448
41.194412 40.966447
84.803936 40.724990
47.969924 33.786027
38.020079 37.177550
71.731050 52.891045
25.245690 86.237600
23.309999 84.698888
43.823149 43.758656
48.216535 71.273452
63.425253 19.717762
86.842442 42.420666
62.117874 39.184711
42.692026 32.902206
56.543763 68.577669
48.374952 35.302658
20.549058 88.964239
59.828794 19.301744
61.272694 12.404322
49.057600 39.321251
48.010789 8.885871
77.895641 43.646024
68.910139 36.023124
47.094314 45.400295
57.853604 74.765261
63.297159 13.652888
71.558056 38.761764
55.790342 70.517128
40.961486 24.532489
30.460136 99.341744
46.353927 50.158146
17.480380 94.808908
50.340748 66.314545
63.810105 69.597079
43.792961 45.333056
47.073418 7.530576
50.273047 66.024461
52.715907 40.315948
28.156376 94.854774
58.418731 69.630587
28.284702 87.580756
53.839782 45.341390
55.504869 31.616593
45.146994 57.060755
53.388982 43.069161
64.547187 37.834511
74.756781 36.531815
20.103280 90.889618
71.568540 49.026981
58.832618 51.690931
26.268421 95.450431
61.233407 65.851995
72.137290 45.853869
68.951824 9.291637
43.394948 76.504114
31.388031 93.102032
55.153958 67.455230
79.544215 39.244232
53.385626 17.400001
47.292450 30.021597
60.343245 19.443410
34.957903 29.102569
71.621565 47.496101
37.732507 43.138716
42.095035 48.360004
26.557201 98.773170
76.285211 39.906129
54.053685 61.310451
60.892473 66.573571
84.888519 38.099175
82.334590 46.077056
40.250228 20.811009
20.924992 104.623661
54.613375 40.165867
65.047276 41.383306
73.797846 1.335978
60.610084 58.063245
57.295617 63.789270
76.476104 48.556304
55.995560 13.353737
54.588054 15.090102
73.707480 28.617514
66.453655 45.464256
71.538285 12.922017
56.665952 62.339709
42.406163 34.087624
46.478969 50.163943
83.446090 47.881583
78.914159 45.637556
86.629498 51.099565
28.018586 94.165899
55.387702 14.018430
52.453323 46.861652
84.009516 39.204403
60.037859 65.729186
64.102541 36.079001
61.101142 12.865679
36.856120 93.069974
41.189812 38.250611
88.180555 51.446242
34.560533 98.672755
52.039662 42.572810
46.848792 16.755614
20.380781 90.913228
51.517969 71.003480
45.433016 82.806673
62.696629 23.356102
70.807929 42.045290
54.804852 40.479661
56.245125 5.203948
54.655369 72.750640
63.901448 7.065194
50.782077 56.268326
51.734744 23.086457
84.913030 40.570917
52.248177 17.712441
68.875693 5.030573
50.215248 45.325895
60.823112 5.288025
50.234275 68.696000
49.860452 16.591115
61.736195 12.094429
58.363341 10.412630
66.534844 54.527201
34.393176 89.505306
71.503659 44.947703
60.837115 20.505899
46.342002 30.285390
61.562107 16.274213
60.298177 18.232305
90.718649 47.793091
74.658193 11.041709
39.917885 67.417931
42.883392 49.022248
58.462736 39.338478
68.778978 46.160405
77.286866 46.683691
23.980578 91.213644
64.506127 9.313759
69.596090 52.788845
50.324684 66.181318
48.315488 47.962053
85.663402 36.064827
16.544521 94.538503
58.970352 9.882563
43.083080 42.345946
64.570489 52.148541
74.939700 46.321824
59.133347 63.857253
53.791207 23.859819
20.297787 86.147227
63.878680 61.612636
52.671143 68.445222
46.077584 73.591285
63.888046 13.324792
63.102929 19.864746
63.150959 26.277721
23.444048 92.597433
54.157626 9.768135
53.631218 59.362909
36.789843 94.524806
62.069304 48.581149
20.620070 98.865129
29.130754 100.307034
21.313095 88.802958
55.003961 73.502914
30.936061 91.091896
60.787713 46.128724
63.515983 50.847103
47.152120 34.488534
55.903228 64.033793
60.821245 22.759366
42.000092 37.767294
57.065747 71.344186
58.652752 30.560070
23.188177 105.537450
65.643340 6.317850
48.670498 67.118476
54.220954 47.304335
43.140450 61.987449
48.618254 57.488716
37.082010 43.466236
49.855306 67.703979
42.557120 48.581629
63.112397 24.261242
46.998349 58.117679
17.548634 107.770257
74.566209 43.310930
53.653005 64.186599
55.479907 56.956940
78.513485 42.262130
28.641658 88.182497
40.435198 102.785967
32.488477 78.469100
58.942245 54.051866
46.407087 54.152646
58.644505 67.140614
59.076755 15.309011
85.545438 45.506267
51.584558 3.585525
67.617153 15.352093
77.603610 29.967383
82.343812 13.029184
48.747049 41.193361
72.029748 10.866230
70.207696 36.145775
74.755552 45.533835
76.827194 36.673195
64.065872 21.042163
47.130150 46.784279
75.360119 48.911358
92.204844 43.881275
19.676669 91.408395
50.827781 68.905955
55.336576 50.386024
55.743334 66.260664
81.844204 51.986082
54.626862 22.547775
42.381316 80.298692
22.656372 92.245188
47.934065 46.963313
11.628636 97.627385
23.383712 93.034762
52.684396 34.799734
45.724664 12.042737
50.742355 51.819215
61.058899 17.743172
50.330608 24.275588
19.479522 93.332127
60.658363 7.365333
58.964895 14.425049
66.994558 17.224936
54.488774 67.806100
18.800470 90.879522
66.301763 44.434789
51.616980 -9.485959
38.454453 89.513710
42.897948 33.129260
79.742004 36.332059
54.812694 66.036382
29.794498 93.401189
54.653617 28.887123
78.469002 38.824470
74.972538 27.720684
61.674667 45.909864
45.885776 61.080961
59.505901 13.997790
69.403917 33.814319
57.647039 15.601525
32.183277 63.039981
75.052891 35.996288
53.133798 53.725979
46.570367 59.000895
55.923236 66.314724
60.299994 32.120232
59.514326 6.163785
59.419739 13.943073
62.436125 4.258734
84.949307 45.523447
21.455554 105.125249
58.087552 70.960748
28.307747 94.579472
81.182159 38.751716
18.776544 92.979265
50.140703 43.677286
78.903608 37.170717
50.990319 60.914095
54.779298 18.023263
57.969009 58.674249
43.308803 41.991651
58.797627 35.120206
54.437101 30.576459
50.742448 63.013942
30.429234 96.476507
17.158288 83.937522
50.732408 42.126766
73.344447 9.203327
53.927928 4.771747
75.452695 35.146445
51.813719 48.593870
66.927624 17.296009
53.250025 45.133947
47.253590 49.369184
23.992191 94.059132
54.558208 47.455039
57.299321 67.072033
23.869923 98.744961
23.516787 86.681232
30.761699 94.961714
78.131474 39.922625
52.692347 73.702915
31.085652 94.062966
70.313349 46.662741
59.057073 55.086749
75.282161 52.075453
31.903604 86.678326
79.225262 56.340209
45.605365 55.831950
66.319853 7.757597
23.632284 104.935666
57.656546 9.249551
71.608340 51.154053
51.054231 37.838279
60.802590 20.878528
74.056891 37.908535
52.564006 21.060632
37.665497 19.128503
68.683475 49.192630
30.603472 98.030083
81.275258 51.926810
69.033228 3.998541
64.548418 69.674795
16.965984 95.386075
17.738754 90.712616
51.970222 39.192105
74.297453 44.587433
60.444376 65.932265
96.054818 52.075650
67.804213 1.837740
52.313743 60.137888
16.702313 87.305146
56.675331 41.212196
10.402605 102.776276
51.209347 44.374798
42.974931 30.203865
40.257503 54.519989
71.404668 44.066155
50.741463 61.487832
81.607356 42.935958
54.101433 60.860345
56.555644 71.666673
36.918464 88.460969
64.858703 33.521970
27.661491 89.947044
56.950748 12.106588
23.249754 90.882850
59.830921 74.074430
40.490344 34.665886
47.087159 43.942430
53.709853 14.943765
67.825528 48.939028
63.239378 64.148641
48.051736 39.025139
16.709008 85.975220
66.694560 62.344037
52.997117 35.238849
40.793886 34.973885
43.141858 16.098822
52.322668 34.233029
64.885628 19.955379
74.848122 48.770119
76.544452 49.983686
65.419401 68.020030
42.287822 45.507592
79.183560 54.714841
73.157935 52.770068
44.688105 37.804336
27.075032 92.249471
50.080580 37.591885
51.708588 27.997393
71.766092 37.146000
76.772760 34.410405
60.728563 11.459826
58.788697 61.296565
64.437488 20.295309
80.958969 48.470036
52.073800 57.493032
50.884101 20.451479
53.534849 70.377573
60.274851 32.846554
28.877036 93.056391
77.540196 36.944093
73.203380 3.441555
80.375475 51.294985
62.621494 23.479631
64.034033 39.351835
77.783979 47.591478
64.279408 62.942192
74.253446 48.607937
27.324607 92.410716
56.840574 46.673256
40.466035 31.629421
21.490804 92.254702
53.865618 66.583659
31.756295 87.124777
69.811537 14.062180
67.506183 40.323994
81.855934 48.714502
65.304428 20.927626
53.736842 34.045865
38.470929 74.433734
46.961739 37.721527
51.384496 58.307148
49.031683 62.056266
64.615258 15.922276
31.625152 87.933305
27.430346 91.772716
51.771002 41.108062
54.727554 9.813753
35.897153 94.322624
86.303414 52.337622
55.238657 19.954502
51.898113 52.916034
86.856484 41.024449
44.243043 30.949622
72.064845 41.808451
26.289899 96.477191
69.683017 13.459136
50.227243 71.454498
38.304110 101.590426
44.094558 59.378260
51.723094 70.838444
49.733734 36.554830
74.827401 35.215957
50.514234 21.743612
61.312367 43.670367
47.379030 44.470758
33.408003 104.799378
63.315763 24.904288
51.633247 31.917161
76.929528 43.896095
66.849627 57.886484
79.913875 62.344894
68.687132 23.497924
50.727941 59.166095
15.711126 84.931072
75.234909 49.760475
18.007087 103.526992
78.289294 49.895574
63.826901 8.559248
40.141445 40.224995
38.837348 71.100801
27.840605 86.014769
61.451916 69.114782
16.961356 97.887941
20.632243 74.066001
67.410807 60.459827
60.615735 13.927180
63.464665 8.749866
59.473900 64.183047
53.971131 74.164347
30.139160 101.076802
46.886470 43.021781
49.891983 38.753853
63.662104 18.828950
57.130126 66.736323
83.620849 56.749510
54.488948 12.239473
62.064937 20.608619
42.212281 45.203638
57.497286 -2.242156
19.334717 94.559137
32.593464 96.185990
74.833890 43.396037
50.117022 29.805166
18.586869 94.023146
53.801041 27.168071
45.851606 17.146030
57.671067 9.305208
79.808330 39.350599
45.278244 5.096953
55.776656 63.166047
25.871788 90.487706
45.635837 21.322159
46.757092 56.242308
48.382697 83.445967
62.100443 0.872794
35.360323 83.343692
51.926130 25.721205
76.421257 34.185949
49.103122 38.387805
46.387222 68.778839
44.759375 39.859159
48.154480 44.679594
53.021081 58.373187
56.935781 72.718519
64.934851 13.403880
39.645235 67.800845
80.187539 44.209554
92.130905 40.349712
51.040280 66.174021
53.837425 5.001015
79.313336 37.930485
16.700344 95.998335
53.120747 14.117789
83.926429 55.093676
10.013677 100.356801
68.195570 44.614676
21.640609 99.448576
63.964174 4.177601
21.833008 99.488601
75.780964 43.309924
94.941644 42.132312
68.547665 33.440421
70.427089 40.485892
42.417749 64.836272
44.446613 30.207513
63.715510 26.372269
57.707208 34.601011
82.925069 46.776839
76.771957 49.388349
61.647408 4.802023
32.009069 92.041028
49.558740 67.423407
37.612043 44.677035
67.053788 43.413704
48.698299 71.902936
57.463953 55.853583
54.377508 23.005122
52.607529 31.709771
34.413477 53.552944
29.083005 98.839421
62.102451 63.670490
41.914061 41.372148
82.511437 41.945709
33.023496 95.757699
35.383662 100.772282
42.715691 89.167236
55.902844 71.885214
73.326536 35.515933
62.606591 35.515924
23.633899 81.653690
76.285016 51.518116
8.142191 99.211643
66.449085 14.993148
62.572407 15.062293
18.017288 93.139652
56.433302 1.357636
81.745643 36.321281
37.258163 94.729728
51.743597 62.187213
29.240864 105.443694
47.124257 65.259831
58.764793 13.507173
64.687797 18.629155
25.493871 105.759884
19.349173 86.399998
69.575778 3.216064
52.685344 52.661041
40.927904 75.130496
77.829166 49.622706
65.162511 36.468061
74.588652 43.911124
66.734751 14.888194
62.819872 14.620099
49.503740 16.068158
66.183933 12.900924
67.337703 5.906246
25.332411 89.436643
64.824789 18.540795
69.300400 15.928481
61.559481 19.068798
60.509746 5.553906
28.381185 107.891573
51.674534 37.291574
29.248451 99.191245
86.992390 36.329242
57.262826 64.729572
74.023681 60.423876
69.329328 39.864378
54.065949 38.832207
37.489379 104.415560
69.978370 5.863108
55.094321 19.411776
84.508677 58.866994
98.042370 43.672854
59.328171 42.243191
33.018504 94.619993
20.151211 90.510402
80.165069 45.667125
57.928610 66.074109
54.582715 77.932534
46.634956 33.525726
62.413976 17.417402
43.461781 43.161665
77.201276 42.426742
44.791180 70.624915
81.162027 39.709245
50.930995 63.985889
70.683990 43.655934
63.581061 42.726905
56.971109 61.702736
43.596094 45.893014
67.799171 48.323286
52.447471 44.538952
71.816166 34.331540
67.752967 11.947287
42.461955 51.435691
44.982881 39.982339
48.200574 34.867117
46.529528 41.048723
67.583582 68.466597
48.796802 70.856841
20.431817 88.601626
64.993038 4.596370
45.862812 2.360221
38.435746 35.350048
50.832996 19.901724
68.124598 6.221736
56.546468 60.665160
27.689885 82.620195
48.897380 41.876473
83.049320 28.627839
83.119713 47.615430
53.833237 12.397205
26.925730 92.560483
50.418577 65.774057
61.511307 65.232735
50.750463 72.363359
9.555172 99.469585
79.151028 50.334270
83.563983 37.670562
45.916487 38.151444
85.315947 50.399610
55.801770 18.704444
69.490377 48.396435
81.984413 43.561950
31.883085 99.568771
72.245395 42.275807
49.049053 41.348888
66.768966 4.178690
70.518593 43.077570
65.349885 4.491678
43.562859 34.545217
63.375132 17.122643
50.876727 35.278401
81.214773 42.867868
64.419504 9.970129
64.448536 14.280847
55.132166 61.969679
56.379138 38.841582
58.084447 12.659290
47.134997 74.260263
62.555965 17.391425
57.213411 66.312719
50.529991 15.782683
53.524394 31.761474
65.486408 9.643775
23.182530 98.587112
49.315181 55.445816
26.080352 106.790661
63.908828 12.243526
58.048841 13.590104
36.288882 90.007160
31.052614 83.012147
63.736656 70.051288
50.797247 73.901232
63.002107 72.285875
75.478805 36.178405
62.880771 22.092354
47.795694 48.814508
71.191101 45.318666
63.878264 13.207399
42.111961 86.103706
43.700512 37.521661
27.166979 88.921080
60.129282 63.407747
49.323467 67.001681
36.005025 89.192461
62.903180 66.616905
39.571651 70.166848
61.543577 41.911878
63.088876 3.849180
75.737235 28.830410
48.737712 68.709184
28.468765 104.439106
57.467063 71.429821
61.660231 67.641241
68.818758 9.315488
57.829293 -1.263751
64.158207 1.885685
60.469319 65.172191
41.095229 106.385491
61.043488 19.428565
61.596906 47.071561
73.447871 12.375162
77.240396 47.985460
51.574048 66.617782
16.520564 91.604439
45.603878 24.843975
48.783088 48.716340
31.658167 91.477495
17.323972 97.811050
49.917347 40.044532
28.397247 102.568249
70.594379 9.578689
51.960777 26.268831
45.407156 67.152119
82.181793 42.616385
22.198443 106.796413
49.030140 43.825554
39.883240 74.876146
54.163546 16.869232
24.182050 94.648541
52.635950 35.406932
55.352274 19.117860
56.941686 57.958701
24.712997 87.026081
63.879268 47.444742
47.015612 68.024441
74.109250 33.958064
50.675324 7.652226
70.734516 10.746783
78.904391 44.667643
46.037661 61.197528
50.240915 77.286729
44.990901 47.075340
27.240092 104.544090
57.105201 61.849225
81.199707 45.856189
48.859301 36.272565
37.984236 42.901786
47.696654 60.102747
21.155038 94.047180
54.295153 67.804144
48.716292 36.290485
54.688403 68.952386
43.337549 34.999809
47.599710 66.208418
22.793352 82.071483
74.353239 41.880354
48.690288 54.693358
51.334418 69.604311
44.848144 14.795780
50.300255 10.409131
44.200605 37.806646
21.880633 93.254299
69.545613 50.874460
53.088708 46.426720
22.316993 97.741817
61.804012 72.249976
81.026613 56.240709
27.079600 100.284013
56.409683 41.888940
55.230279 42.436256
50.732546 11.762827
79.646227 51.616388
42.134778 37.214285
67.948981 11.846400
49.396534 60.089264
46.990691 60.610042
60.334880 60.933863
60.819825 71.473385
54.161575 67.574736
51.727120 19.875047
86.885410 39.431353
66.868243 67.642021
23.380488 94.084590
33.708778 96.895868
52.700752 80.749316
44.007785 51.029920
63.133395 8.308233
46.817811 41.896826
80.294303 48.760633
47.660874 52.205367
59.223378 19.626069
18.306688 87.231875
47.769701 49.124846
33.061692 92.606308
33.426860 89.489671
82.286154 45.245346
69.639262 10.288385
64.436835 39.398862
43.466421 48.197135
24.731119 93.567837
71.828484 22.939925
62.527014 10.532909
22.554675 95.458000
44.568117 60.609706
57.849422 71.313117
43.170704 51.232107
74.030463 40.229531
35.396187 95.460619
33.855724 26.701993
26.134995 92.495821
80.087943 37.762434
20.214460 109.549819
73.668996 50.515302
75.438434 12.275978
24.255937 87.197612
52.592192 76.494457
39.496808 60.686091
54.735242 54.097617
77.477247 43.813299
81.934472 37.271491
48.737046 72.920117
49.580203 21.596397
55.400387 61.102820
31.309214 96.831794
41.594355 57.940390
61.143201 12.598651
33.081618 99.055672
41.438881 46.808798
43.004411 42.429817
67.414139 12.651185
40.758324 49.243869
53.005973 71.451821
58.737820 16.230831
27.991341 93.340942
53.474198 58.549434
37.761487 59.003331
78.414635 44.746751
57.229910 26.237903
28.974661 96.728485
70.918796 11.562872
48.030644 74.129756
55.149598 67.127929
52.522326 41.912173
58.844419 20.430902
15.847627 98.772783
30.673053 97.332311
52.204682 53.650632
72.739892 45.462718
91.269439 24.620191
29.048777 94.699986
50.512747 39.670073
53.682611 41.257829
56.874614 10.244104
77.071616 28.241496
21.305795 93.513683
26.699270 99.123897
67.498314 35.107733
59.122408 40.536480
37.866665 55.041240
49.647720 63.488573
19.849368 107.191985
18.660625 89.023944
26.663801 87.092254
23.880623 111.027625
61.360223 63.610697
70.126544 14.592821
61.518975 66.956815
28.319792 97.004946
37.605520 41.087676
23.442994 96.880260
89.159647 34.573998
52.170606 71.092037
47.848952 48.439622
45.972754 41.019383
40.604832 32.763222
38.857737 53.054417
59.653744 11.613038
83.847929 32.006832
26.983357 90.138085
60.085278 63.014248
79.749915 41.101490
80.784562 47.627614
70.278682 48.882837
63.349371 17.037160
75.107160 50.895159
55.884021 75.325952
13.878514 89.601400
49.066925 38.498194
64.551619 60.331434
57.582816 32.317392
78.682082 46.459392
51.229165 19.264191
78.926590 47.736667
36.519534 99.679064
45.685121 44.809346
9.406992 98.302322
45.732388 30.057076
75.506258 39.663637
22.193132 76.918688
55.578985 65.276947
35.337526 95.232678
8.313442 93.279536
79.592054 33.653243
47.711771 69.950337
48.834200 10.497397
27.824547 89.413578
49.565162 17.885037
63.518759 20.631477
38.262203 38.472849
28.316502 95.005187
23.530812 97.182992
29.061884 98.793900
58.214574 48.977280
70.738540 44.105856
39.011760 65.029129
39.017914 34.002763
47.993598 63.881842
54.945276 2.537225
50.608154 35.023558
53.761355 72.193314
50.162084 60.710393
45.694069 34.586089
71.495343 38.225005
47.461108 54.640810
80.574327 50.960125
59.844594 11.502303
75.772706 45.662951
74.364882 45.857299
34.708476 36.841439
38.878586 59.937726
23.373274 100.755714
49.789341 68.847365
63.282821 39.073237
78.210737 51.032327
52.628991 75.732159
66.009041 22.344854
20.503464 91.736979
27.088921 94.565491
43.934641 61.120887
58.609125 12.238579
41.770374 23.786711
29.552960 88.929904
56.462442 40.712422
50.130275 62.071304
43.580270 18.527894
47.050305 35.214482
44.494738 69.507631
59.732472 30.819493
42.405296 27.997851
58.194263 29.583061
19.686726 96.769043
57.688291 15.813996
60.635121 13.853364
54.211044 39.995039
11.762497 89.048246
72.154582 46.967525
48.894019 44.924969
55.101673 36.331470
19.093646 82.865356
80.998497 41.794718
51.820839 58.399136
68.921806 39.819935
67.780636 12.492107
53.796789 3.132105
52.551111 62.944385
71.568936 39.293948
50.853253 18.166568
49.017027 26.898720
63.076966 68.633155
66.502591 6.506429
43.964632 68.091261
71.841865 37.550312
57.671064 32.596310
66.617009 21.854396
26.836876 95.503741
68.191594 26.592274
54.386746 39.987862
54.641432 74.141935
32.894589 44.668842
57.361257 44.745212
72.240698 35.137824
48.383262 35.263974
78.646726 43.725509
52.976214 62.552167
54.264926 28.325612
48.308307 53.768208
73.296188 47.639514
50.030301 71.134549
53.593630 15.656493
46.618935 67.821237
58.543247 37.100593
14.865076 89.371428
52.164672 67.274309
3.069656 85.086728
55.832092 13.764647
21.217373 90.582587
70.047803 44.621888
44.260896 20.228618
58.406399 28.971240
16.092183 96.716995
58.163362 16.648005
26.087314 103.326368
64.273029 22.624416
59.806892 18.031982
46.704130 45.071176
30.487656 86.342068
56.694632 68.449111
67.338822 54.656188
37.997001 47.108159
44.946363 59.924825
67.698083 49.854637
53.888282 5.063314
22.605035 93.982028
72.600158 38.701791
60.582068 13.101473
44.579459 37.667214
64.396215 7.263954
57.283349 47.165714
77.436371 46.070259
60.047985 16.193923
27.381775 96.266018
63.598417 14.051669
55.060249 36.797987
11.528571 96.847068
34.528484 93.240661
91.629257 41.058712
83.083634 45.899462
88.512181 40.769355
58.398014 5.265316
25.501787 99.667359
44.791886 66.724295
47.410365 35.697422
51.173280 51.406331
50.131769 77.154098
70.550323 39.585280
61.835753 6.315408
45.111318 36.571349
43.763189 46.441426
61.238998 9.996785
74.654268 45.372043
44.784457 72.254032
50.070745 51.532695
43.643749 41.261390
62.949084 13.740283
84.353681 43.686970
49.821339 41.936041
67.567407 8.615141
51.969007 36.810693
57.292018 14.822608
54.747519 17.884141
63.619233 12.993542
29.249577 98.207107
36.609617 100.661914
46.534925 68.323545
65.471669 23.973204
51.741184 40.207420
70.198622 41.385491
36.820880 51.668812
15.464554 76.079672
73.133265 8.643145
44.275793 38.816502
54.986953 16.741089
59.967796 64.860834
51.192033 43.937842
57.557638 11.329176
50.308996 42.959144
37.352681 41.677775
47.532755 18.461207
32.158746 87.411149
20.787252 93.480836
78.178086 41.747303
74.363368 18.933711
59.701734 35.660179
46.159167 72.937215
49.559924 34.135393
57.882096 43.028134
54.671275 9.522362
38.081846 34.348340
57.961290 62.955271
52.280424 67.486588
82.068220 40.096028
50.245894 63.509281
92.836809 38.643751
42.910935 35.521047
52.930501 64.641567
56.440898 66.826431
24.185492 100.173949
51.199856 6.726003
50.405885 72.189532
65.018391 15.541470
49.367876 51.135905
67.719185 36.182982
47.434145 22.608162
55.924666 12.897023
53.247155 77.514723
59.717256 62.574823
24.964727 85.697638
37.966868 48.133560
16.344480 101.552410
54.587245 46.745692
61.450942 3.658781
52.659705 67.874596
47.020985 47.799626
77.857468 42.014390
44.851070 66.816284
61.551621 17.917969
36.728852 81.601059
24.127656 89.351031
65.935539 14.016418
73.748438 19.469033
19.419678 95.680154
71.507046 28.674367
54.414795 58.700481
58.116938 60.516870
70.645264 60.841940
62.893727 58.067489
14.882125 88.730417
51.039678 40.721522
45.962848 45.597536
81.300520 59.626553
61.846311 68.709253
55.451003 18.027890
36.787201 105.282598
42.367847 36.625931
34.188206 94.012107
25.106788 88.102764
63.936803 10.535543
40.412638 41.473897
76.616330 53.789832
46.136075 45.716015
51.210947 75.532447
61.598910 53.837188
57.764243 58.809430
54.987780 67.308125
50.935947 36.652980
92.921774 66.671995
92.527481 51.380785
48.984402 8.132345
62.133287 25.485809
51.751709 36.363142
59.028721 74.032708
71.586967 47.410179
74.672748 37.160853
25.041013 84.456971
86.877967 52.888813
28.560039 91.317037
39.322432 97.370561
31.071448 95.045969
54.545641 45.052476
35.221726 88.501686
51.041663 77.035037
68.057345 22.529746
45.380868 63.367246
23.026175 96.254978
80.843793 57.029799
56.644534 44.683091
52.965296 9.567661
59.330368 69.007630
20.663362 92.017977
57.818185 32.175209
82.439353 55.130278
64.369293 43.963306
74.225392 53.184907
25.595995 101.710988
69.458669 10.390371
39.772807 38.046710
44.315470 70.849462
58.964492 18.752221
44.339746 64.937760
47.163165 33.880566
27.447428 99.890322
20.893320 95.535292
34.322303 89.001418
62.395932 6.139931
62.143716 22.309053
27.827328 103.565090
76.003581 42.712527
56.150280 28.914011
72.513773 15.201491
63.207896 56.141057
38.811508 43.483305
54.034408 70.383205
22.704751 103.313179
25.792829 81.946929
22.250720 83.266086
50.871132 48.923410
45.161060 36.549099
26.822233 95.281230
60.462982 50.143530
83.738174 35.498588
38.403556 91.850051
72.660157 46.615561
52.686783 7.116373
80.170112 44.388346
74.962124 53.573281
20.196937 94.871039
39.788680 31.945785
81.702167 45.559742
29.561419 98.043063
83.113110 49.506396
64.115321 15.473791
29.092153 101.723845
53.953822 35.755004
57.250492 -5.178192
54.399714 76.225242
52.994662 59.763586
13.104689 86.970507
51.163555 52.391932
60.708032 73.216520
33.988097 93.118736
37.251638 49.277473
67.058753 51.136237
32.425312 51.072700
64.695889 21.042939
58.378632 59.343971
28.628891 89.660370
91.526229 27.483462
41.522733 68.858783
90.514115 37.772563
69.059552 39.684370
56.886067 15.036272
45.463378 39.791373
17.049133 92.234915
55.365943 36.334576
53.918646 4.577274
62.197430 17.883760
59.038748 45.940660
81.262886 43.499345
55.059566 9.109654
77.494586 6.291193
88.656418 55.476434
73.817802 43.622373
45.962991 35.308408
62.797186 5.532655
55.449966 12.599650
80.699132 37.821164
31.961775 98.172052
32.898380 97.336340
65.955565 16.699604
19.592810 109.247888
47.730010 56.234156
52.870567 81.514486
57.501300 12.018413
46.917994 57.036100
79.710900 37.036766
30.649575 87.213660
18.452574 101.020666
35.502614 103.876242
50.574375 57.344251
6.664210 90.253119
40.463404 46.258881
14.989548 98.557578
55.516199 52.090427
84.044598 44.787937
57.569357 68.564070
53.046419 79.017479
30.663161 38.175275
47.793790 57.788562
60.821180 58.367728
66.405611 16.739321
29.286793 109.158238
72.306998 37.065882
56.371875 41.305614
51.823165 56.016219
57.786567 39.928095
61.556479 62.427721
82.674859 38.752165
54.030509 37.632223
83.787317 50.609360
21.483413 108.075067
51.420810 64.330746
54.708845 19.050370
49.306178 22.062991
49.965308 40.343208
82.818206 46.289287
81.581674 51.314686
55.051936 14.948993
12.505673 102.518888
52.907732 30.573917
57.887304 43.851278
59.854835 17.489123
62.450501 23.028393
49.221945 38.818356
43.092447 8.002195
25.938686 102.835771
13.714819 96.727442
46.385662 66.150511
50.495542 -1.376557
78.701305 31.213206
16.018414 112.597145
63.036968 13.027564
59.709835 63.598746
52.144809 36.924309
64.199431 48.114869
74.236643 37.652946
37.721910 75.653589
29.241919 88.014802
53.293480 38.537328
52.824329 22.260195
52.828010 66.955849
61.568727 86.062693
49.280490 31.855605
58.992887 44.272130
30.001144 105.201374
57.762901 64.110106
51.796992 40.887727
21.401862 97.505171
44.116397 31.379816
49.813108 68.862128
52.816230 74.059336
31.223967 97.332206
30.551604 92.328912
53.370291 27.556502
55.128517 43.374556
24.759055 101.147049
62.317447 61.954555
42.988649 20.184831
94.652680 39.405300
84.707908 46.557359
42.998652 58.693391
18.324439 99.688980
51.066559 25.534067
51.180180 46.318712
25.960584 94.328633
72.952872 48.799403
62.657949 65.826734
12.753818 101.854710
56.877634 23.421426
59.903236 17.928380
63.145115 58.981687
51.634598 -0.092416
58.849643 41.507370
19.306569 99.115974
49.758217 58.096316
51.550139 61.559799
49.906257 46.849733
59.739218 47.802114
39.156280 49.116815
53.381492 69.619879
65.676385 14.132778
68.525352 17.939081
56.652890 65.709360
52.547943 50.704242
50.649460 34.009983
11.185545 88.358670
84.864425 42.525411
41.462512 72.835989
46.098645 74.032747
61.000140 4.742188
57.760020 75.582510
76.826963 51.037387
77.600700 15.753397
39.772948 6.523226
70.740943 24.215797
40.356376 33.382446
61.177189 13.174054
67.884155 61.069416
66.064787 25.157842
47.627228 56.757127
56.956605 17.605131
43.826777 58.900191
85.934717 43.012985
70.764818 21.321121
55.706843 59.477113
42.199893 64.931318
26.174618 102.545683
77.953322 45.877816
81.824046 35.909235
23.386281 97.577766
70.548855 45.272688
70.813282 36.137170
45.856071 61.766469
58.367601 10.372726
48.355502 37.892694
59.353948 11.822052
19.485251 88.786373
46.272378 34.467520
74.730106 25.637960
60.594698 15.289652
73.924111 39.929844
53.682016 17.915848
57.554261 64.003012
41.754645 37.065271
19.256424 100.184983
54.714682 18.998230
43.731387 34.305217
26.927776 84.965772
73.907017 42.229672
54.442427 54.012426
62.683233 65.602687
23.208627 100.163987
57.201970 72.489399
65.616612 18.389802
81.925167 39.508224
24.468262 99.755166
49.513180 36.467476
55.835818 61.768178
75.184622 49.878885
24.117814 98.538253
89.998531 37.481200
67.805271 11.584845
58.728392 -1.796321
35.965673 32.388883
57.357793 10.354586
56.573437 78.104839
24.423661 84.724082
27.457031 94.192783
56.641227 12.061531
58.751959 60.146358
45.335904 53.388227
61.479240 7.375328
52.516796 10.097280
54.040767 25.745545
57.846331 50.897745
48.821314 63.329778
50.290645 36.437353
46.591127 75.031200
23.945223 92.715140
59.848290 14.988884
55.405131 42.438882
68.175624 16.796185
58.774597 68.651801
66.123482 65.640188
18.640793 104.652529
70.826386 38.826558
74.301361 54.853227
58.550855 30.481399
80.582994 42.292817
78.272450 34.755251
31.485134 96.195130
28.257583 103.172042
75.079238 6.429171
62.845821 63.017579
81.560177 43.350175
60.584182 8.470916
31.845251 82.893149
47.191249 39.022842
25.242008 84.579249
39.690245 72.795036
24.355769 94.935075
49.284084 64.444411
20.635136 105.177279
6.313178 99.898505
24.574814 101.077119
85.533999 42.493001
63.661175 11.087824
18.523103 101.061453
53.732326 46.131764
52.886692 35.933232
17.654308 106.049705
47.264942 41.336109
46.152040 70.609058
89.938942 33.881770
46.930704 39.062108
56.233060 47.981310
59.568843 13.682413
51.336369 73.832609
78.075183 12.408248
29.295919 88.649380
75.262003 41.557971
67.734376 13.856442
54.021924 71.283867
51.645432 59.339810
42.673851 61.850822
52.025997 14.149025
55.313778 80.772163
51.682431 36.293438
41.836442 35.128182
35.757010 90.529424
37.152620 95.369954
67.120098 20.732814
70.090117 55.189646
66.003758 12.571041
21.535026 100.931615
56.152702 9.695417
48.454307 80.281956
58.601770 58.763524
26.591879 97.934044
44.677406 75.238281
89.202368 42.117913
45.533012 45.507888
69.623917 38.342502
82.063898 45.202083
51.635613 17.274594
21.429790 91.016424
21.888453 92.880792
21.728185 103.494563
48.959827 9.830872
36.537942 41.762191
51.145457 31.795241
55.762480 71.239192
38.972397 57.874662
73.012906 39.993258
42.519542 42.719443
58.547081 -0.904240
55.480770 66.567591
63.619049 58.363428
41.848923 44.303013
89.412904 51.674876
45.548912 66.093337
68.438709 7.962413
51.112432 72.058633
49.095836 46.831310
31.842481 38.865117
47.635055 61.680643
49.829295 52.862560
17.771903 86.706319
26.492144 92.650020
53.527773 41.869102
64.654005 7.721011
50.573943 23.744501
79.281406 46.615541
65.485717 18.390780
78.982120 35.517989
48.995427 49.319392
55.034925 31.631754
20.800797 94.449238
71.906434 50.224009
55.393703 21.314533
81.774952 37.486492
33.765004 106.933417
21.770618 91.789871
53.308248 18.999503
49.552717 66.234300
81.381439 49.188884
29.659187 100.555111
24.019702 87.974422
52.003389 10.429079
93.844520 50.570993
61.418188 42.815740
43.230339 46.461714
75.831055 41.838781
61.839314 17.041895
55.518827 40.706756
45.426994 39.746369
48.577519 51.938607
63.635876 69.110727
85.824692 44.171470
48.657935 66.980453
68.344550 3.637199
43.423332 64.952519
56.248978 65.745207
30.356138 42.075466
49.727520 59.231702
68.645682 57.555081
46.574376 44.429833
71.699879 50.726440
44.905012 44.177759
51.489527 -3.478359
57.418451 20.455997
53.402946 77.633319
78.578863 39.148380
45.541118 38.404599
41.197088 44.194896
83.809010 44.238562
74.897559 40.940047
59.270496 8.915472
51.131054 42.200928
51.173964 23.491002
44.193981 29.819430
23.278675 92.206004
35.864433 106.683894
35.973904 106.167735
44.456053 39.257283
69.246854 38.635310
48.433090 62.227066
46.159573 14.644738
18.237474 85.766020
46.215453 34.441141
55.876406 26.270825
60.493899 8.710595
46.281619 53.947531
44.520612 64.469225
25.451303 99.806620
12.825136 82.966463
46.357334 35.051563
56.197896 53.265906
67.103222 16.819762
44.735238 33.019617
63.576516 46.282608
56.727118 60.410140
66.364110 46.880170
54.099815 14.809567
62.861844 19.783934
92.962722 53.600348
48.698043 33.297567
63.111790 15.808916
27.952513 96.551196
59.325622 24.819052
69.973376 14.680905
50.301928 31.233780
50.634152 59.901566
35.802163 43.461435
48.695657 33.906554
58.516668 14.518846
34.287200 87.623903
54.796178 66.200223
43.466661 45.184533
74.979756 36.878536
50.321151 61.977668
49.624556 63.457928
31.801634 37.987084
27.746816 92.536267
68.655142 57.210516
67.377176 21.626422
38.893520 46.401959
54.624753 63.397606
62.253290 41.772162
73.117984 53.658261
14.460674 92.518906
12.603258 100.092525
49.209621 48.107986
56.626409 32.586183
58.859378 37.602723
48.080541 68.403962
52.473196 32.689081
75.385841 50.191440
44.897374 35.768994
32.044791 31.298509
54.178331 67.000456
55.183947 50.561262
53.265015 37.059879
53.628015 69.845939
54.070296 6.309722
55.541739 52.269009
79.009544 44.266171
75.489939 47.743848
63.304660 24.995055
65.552815 71.973465
86.299133 53.332664
32.065211 37.720263
48.382933 35.707979
40.841150 42.171268
54.091062 11.412322
50.020942 21.139106
75.448567 44.523006
36.099134 73.873075
25.698585 93.474777
47.368928 64.425740
60.164386 8.894326
54.570995 43.307743
43.157018 41.525236
43.541879 65.319203
49.110232 59.183016
48.489494 18.648075
51.997346 27.120743
55.982940 10.557473
50.678790 18.404145
25.032440 88.622265
50.963874 45.407866
76.744762 49.717994
79.861513 27.174462
51.149145 64.970294
38.013636 34.104792
78.220517 45.838193
64.336421 10.662053
62.896439 4.251088
14.589642 92.970187
65.082920 55.780479
67.358636 42.214121
77.644340 8.497568
61.671769 7.960030
75.874764 35.378523
47.394664 73.280559
51.479450 10.233383
49.620107 44.809919
57.645599 60.119997
45.878455 53.201091
81.657539 51.051774
16.886690 95.182056
27.686264 96.579426
10.932788 91.915062
57.471416 68.193948
58.190799 50.548362
58.071597 41.916959
64.735160 32.447546
21.926861 97.870194
66.846712 10.145498
57.148865 37.764690
55.379099 24.888927
62.904799 14.674914
20.281042 85.535307
57.301739 36.533044
59.448051 1.616613
60.405379 27.662279
53.739350 39.480401
36.394683 91.742791
46.355059 42.967359
53.538972 21.842490
39.609436 87.809316
30.017756 95.052708
77.379144 41.233397
59.260429 14.015080
56.854216 57.752593
57.606821 63.342730
19.555571 84.583700
58.460249 12.842197
47.099979 67.347814
72.228312 11.994780
14.653990 104.649224
11.889018 96.751904
61.878508 10.856334
81.774028 43.586144
21.386955 91.492831
47.192080 72.262531
26.452080 87.741500
29.993476 96.520413
62.752019 14.627673
71.690323 39.945557
52.420403 59.704411
71.099074 24.403601
66.479681 5.974373
49.645284 55.338241
80.092193 50.361477
30.443971 88.472220
25.982398 106.124910
16.388461 99.437312
30.573657 88.368206
20.930468 96.826185
13.369589 105.157580
57.944657 0.623259
62.939407 36.900349
60.442113 62.625186
29.797880 91.935441
44.748266 15.365946
21.455236 104.970114
55.645188 67.318838
79.375291 42.882937
37.006546 37.848880
31.398788 95.757583
30.560178 101.733154
57.779207 49.661825
44.377656 40.969166
64.654101 63.637773
69.881633 54.183956
11.543203 96.772312
56.246275 51.386462
23.740134 93.223526
84.716861 40.268422
16.794528 103.741060
26.889214 88.037559
50.107451 60.441196
54.711844 77.180630
35.228255 39.550623
53.760953 32.905419
15.912882 82.449599
37.868657 53.621825
56.932350 12.539376
71.105663 46.208073
54.479860 60.880874
52.398320 63.808611
76.980987 30.679790
50.639174 36.031214
28.427432 99.750395
41.258480 60.914976
25.927261 89.810697
60.865190 67.092130
52.086837 17.720816
42.854819 36.122559
54.913087 24.895956
60.237518 12.942226
30.157564 91.007033
82.129407 47.588221
62.230174 9.694594
50.755750 46.600621
51.668840 13.003787
53.184843 50.844418
59.929840 51.556457
50.941338 71.826456
63.633127 74.774946
31.525136 97.463345
69.364436 43.880518
71.820383 47.582844
43.777947 70.291931
29.735214 96.124552
55.919410 30.154507
45.922975 29.378173
40.913828 65.182731
51.511785 54.506578
83.613956 38.712143
36.844178 42.113585
52.545903 61.449950
52.436648 42.311872
45.095248 44.392989
21.188348 85.115863
52.501280 70.877306
49.655021 39.895876
31.990299 83.104252
52.729833 60.638333
27.195528 89.252096
54.508419 14.488457
83.799648 46.026012
64.816532 36.876799
52.794117 43.056922
11.649717 89.912439
80.554178 49.639510
60.244445 65.865837
86.419846 41.981287
53.811335 36.453741
64.485768 13.787699
80.443783 55.726551
74.435243 42.582877
65.392968 30.621665
24.432653 91.273494
73.593335 28.976491
75.633761 71.570745
79.860205 48.624341
58.786686 12.212117
88.527100 41.140706
83.588827 57.837148
44.641898 34.321381
54.274678 55.333358
68.455489 47.650086
74.066610 58.367306
65.389075 1.086397
25.473594 89.948324
60.046354 55.950311
50.553652 17.745077
34.029338 102.185885
26.367958 91.485915
36.643720 56.377424
43.549708 9.301954
70.465839 31.962723
55.851586 28.480223
27.995556 96.278911
87.739133 47.337998
66.557995 29.208432
24.351145 86.139952
48.207991 78.594800
32.614296 99.246410
75.666476 42.305143
59.560386 8.458217
81.231486 34.902110
53.128348 25.847565
79.178810 39.379593
17.666083 86.594166
28.350782 88.906461
79.840028 37.141536
40.171772 40.701527
52.754783 71.335586
48.985580 37.229235
30.891792 99.535597
48.368159 50.439040
52.854251 59.808575
80.149337 57.231420
16.968690 87.687151
29.075291 88.948663
84.884924 45.838661
75.774636 35.060624
23.225883 87.351742
77.263904 46.971195
48.723942 42.263994
53.429821 7.603029
70.307977 14.960794
63.940654 7.874196
58.973974 41.401250
72.669192 57.084353
85.204003 40.584047
51.364914 16.853744
69.618163 45.882789
57.527779 71.301345
77.053631 45.504265
47.954309 67.727813
31.312019 86.237214
57.796442 61.907375
47.451780 31.318590
51.202980 69.319567
74.682251 48.721510
46.906795 55.926918
49.130430 71.490454
49.851993 39.888950
28.763761 101.653834
43.752954 56.650574
37.835490 31.726788
82.436483 49.901287
61.916911 17.788153
62.419373 11.783178
51.105626 24.458827
72.683253 3.112724
64.908055 25.241512
48.142718 13.533306
84.846726 48.525200
24.176283 90.669784
55.796643 11.993417
46.732156 37.294418
51.862370 45.471480
51.413358 63.806077
36.000561 24.377014
64.031889 38.276558
24.588971 99.771103
79.739047 6.088560
32.400013 85.787350
61.200143 37.316982
47.311037 56.509089
25.253982 108.997582
68.015027 29.695707
41.024571 46.303685
57.604711 49.562365
43.775425 61.244642
76.214107 48.061468
55.772995 13.383175
79.841794 32.620892
45.843083 61.455270
61.133715 66.993172
46.836260 47.943653
68.474960 -7.630829
53.204582 65.833671
86.996010 41.652575
48.987919 33.446606
41.846238 49.984629
68.477601 17.127602
64.089965 8.515988
52.411260 42.161502
79.416090 47.428025
36.908693 77.192755
46.611796 37.071795
74.503671 10.015672
25.074020 98.291057
36.705266 21.268665
58.805140 13.493438
73.152488 15.087251
64.041150 71.945631
72.346909 42.472118
24.718766 93.342837
49.140305 11.081281
46.320399 48.942635
16.517298 95.656343
25.251209 88.095785
47.991428 22.633669
84.535678 44.385673
48.416499 35.434462
53.009225 67.636491
81.532441 50.991167
54.803434 52.314093
49.069118 44.464087
74.079517 44.865142
35.739412 36.588562
60.054730 63.241734
73.850439 46.163269
83.301666 38.767720
41.316551 40.002256
59.055146 11.729583
20.607374 93.731429
79.376830 39.769921
21.783927 89.335065
58.480051 62.755600
41.945210 41.568898
63.959922 76.101718
74.831087 15.738507
44.568452 38.886814
68.469188 7.550158
62.852590 20.941270
77.276146 38.706213
28.690789 95.605140
59.806552 9.035317
73.773322 43.630091
49.522520 68.218227
54.275505 70.571380
20.800098 89.338923
44.592724 68.383501
81.004304 25.055835
45.784150 46.449087
63.187742 10.211548
66.865448 61.567791
72.007721 50.474761
55.677891 11.515570
32.532604 92.699976
29.927333 92.551432
83.926231 41.070882
70.991188 43.100497
56.074632 68.556599
64.669399 46.105769
60.293755 0.706899
67.830354 5.500771
19.478010 97.182688
85.706259 40.064392
49.473320 36.614667
37.185663 93.022015
47.747584 40.502319
33.264567 91.429913
83.973192 38.006685
17.944676 96.863490
80.805351 18.944382
9.877906 77.309209
55.436755 39.363864
58.562352 10.071030
50.024575 71.801691
50.268777 75.372463
30.573798 91.452012
77.280494 35.198851
59.471129 79.127050
62.960342 72.580691
75.558414 37.182246
38.967741 0.249300
70.127006 59.641909
29.952526 87.531760
48.162377 33.670421
80.334666 37.318206
66.956418 5.994359
86.252990 49.114927
64.025953 31.794601
71.327269 22.471995
45.424888 71.255358
44.716973 46.715733
87.885290 62.564667
77.207043 42.566354
73.462776 38.697047
80.157176 41.447283
29.486873 98.941963
60.483527 67.685300
48.914776 32.592593
43.938416 45.769054
55.238889 58.837257
52.862555 56.207360
47.679526 56.952363
8.175404 91.733191
39.605792 34.894241
43.434158 47.740699
75.059580 42.295349
73.867397 45.227913
80.969818 36.608803
54.881389 47.055004
42.393641 39.055351
43.578432 51.657068
17.670326 92.484754
46.464390 65.612847
49.713631 45.434959
61.181347 70.907627
85.720165 51.603733
90.249186 41.341604
14.031982 93.875173
46.100758 36.376089
59.438924 62.832114
71.817341 45.723287
65.626007 15.489443
47.769152 62.168871
45.585620 31.737178
29.768274 96.470141
62.492042 68.472838
16.603253 107.717004
70.036367 48.700299
62.251661 13.821073
54.283947 71.908134
69.629331 63.153194
40.833462 54.903596
28.593841 93.991431
59.736203 15.422874
12.657100 80.752727
75.456086 6.391399
52.849567 63.159919
54.429748 35.663911
83.755464 38.332382
10.478324 87.577169
65.160155 54.093524
17.570227 93.277607
58.330682 19.602940
20.912355 90.468914
83.103212 47.791969
87.401316 54.766532
78.680515 50.843337
51.065951 58.677628
38.843621 43.885170
34.066113 100.773649
60.060282 11.102517
82.908909 41.766807
20.512346 97.686341
58.435143 24.137837
68.866363 42.409726
87.695682 42.342225
77.482390 42.614679
46.671125 41.199124
57.477915 14.747815
57.109727 65.825043
91.040697 42.154051
71.939610 40.990360
47.647969 43.107362
61.559170 58.299465
41.112492 101.444156
44.078771 65.781399
42.558544 15.300857
59.182698 12.020824
57.643162 61.301787
51.290518 13.363135
80.636730 45.522731
53.688640 71.006186
26.439087 93.125379
28.942260 90.621460
59.250651 13.795905
59.036002 59.138760
80.442899 50.082305
58.258283 2.943817
44.511439 27.046334
84.608085 40.279162
41.562185 20.375309
55.609577 41.646006
56.577477 10.110753
60.494277 64.689702
51.787556 18.634619
62.179463 15.932778
59.761874 13.414135
49.539869 63.746472
57.888767 53.465538
21.885832 104.609257
24.432918 99.262487
78.190661 13.425511
67.138101 71.737515
71.183921 42.064630
66.399698 20.220919
50.072810 46.902684
14.701434 105.127583
61.241129 60.669778
69.197268 45.335802
95.100553 54.014605
48.678078 67.208299
35.463079 43.611557
49.531781 60.605498
41.522888 36.085650
61.388593 25.687336
48.722506 31.309653
56.571328 13.037388
55.275225 73.108953
60.633168 11.360208
61.482016 67.251797
29.021107 88.992962
72.799536 42.929129
34.694690 31.424762
62.977313 21.906454
25.803998 92.845801
47.421762 38.972248
19.294804 102.295248
60.789173 15.108310
14.997147 88.579691
78.446495 56.581220
34.962354 86.910938
74.218270 38.304986
16.933228 104.852967
41.595639 38.723270
61.223562 67.764091
52.498237 15.851474
78.724819 46.021905
9.994064 90.112719
54.235874 61.097305
13.764020 106.258193
65.976973 14.099029
49.938210 66.335272
64.298645 3.191017
44.653509 47.940401
49.627355 64.414698
56.579690 38.375597
35.985204 94.171179
32.998315 91.403667
60.875464 13.782659
47.789210 62.863138
67.901107 12.621888
65.270973 12.352190
42.220984 2.064770
27.880627 92.080585
75.022584 58.842395
29.033779 88.253707
39.933354 72.886420
55.611029 77.291690
59.813973 71.181118
52.061437 32.009847
22.160839 99.875648
78.976175 37.728530
58.816122 63.870837
34.630054 93.353051
50.642164 0.062247
76.972558 37.641587
51.377353 66.381426
42.684030 82.824989
77.764814 39.045939
58.012245 15.998822
31.961884 53.568456
79.572598 50.048464
84.600901 55.531322
55.234995 56.584140
84.509374 35.192263
72.883935 30.802206
62.802433 4.110088
80.504028 57.206844
47.486918 37.287728
51.439097 46.363130
56.867763 34.061358
24.298126 87.667407
77.786273 33.410716
49.904372 23.516582
20.895750 105.057990
26.731644 88.702074
56.264870 49.881798
26.485634 109.930016
60.074121 19.559529
75.387216 37.369927
77.241609 19.816005
28.431463 87.728302
47.791119 59.046480
45.981166 45.224890
59.374919 13.814144
28.659084 92.846424
78.583430 33.864008
53.129097 17.700134
70.832748 56.487463
52.802433 41.774380
49.027286 44.668921
18.642158 94.834001
48.367367 73.394882
55.375186 11.238399
51.011974 6.501245
33.944832 38.899986
24.704352 85.889194
87.845734 48.725358
64.404086 36.127417
43.549906 61.458284
47.268674 29.684643
28.328823 78.275417
68.631205 42.960449
87.239111 32.904738
42.723338 72.011969
52.067968 67.317529
55.447091 56.706977
50.272077 59.300859
88.740978 34.478172
75.471993 29.463105
70.572975 49.454678
34.328252 43.375004
64.059783 63.620339
41.418228 36.773096
23.691169 97.649449
84.559141 53.031854
56.613268 67.811523
80.097951 11.692691
55.452838 20.756906
54.414478 41.889976
20.390166 99.309594
52.584892 66.541435
65.248172 14.113557
26.999304 107.450304
67.311723 10.983753
56.817692 46.065933
58.512264 11.046478
54.566460 55.584564
78.766926 19.614628
85.991797 54.306940
77.129452 46.734031
55.633379 59.453045
18.261459 90.044563
53.310970 50.861633
50.110680 41.869131
39.841625 63.692566
47.977284 34.383842
61.453651 10.886768
46.363516 45.928947
55.657624 31.177653
