3000
21.438611 60.150554
73.841585 30.552475
27.137237 29.239619
86.756063 68.228734
90.882885 53.153872
37.963341 11.494396
77.160533 27.206894
12.182348 22.922227
98.495280 48.757921
32.243410 7.382522
85.818921 42.737517
15.738223 67.626307
66.336561 95.140183
26.721977 82.592567
33.034602 75.408028
3.173893 40.200132
6.166609 49.555179
92.156184 32.506786
23.210032 20.325668
26.917325 83.530603
19.040686 69.316003
91.652629 36.185553
88.124356 54.842123
11.168905 23.607053
80.190113 76.132958
83.088831 61.951516
82.119126 30.277185
46.428718 15.157243
14.569248 26.564052
0.270461 47.120922
16.653946 50.091431
43.545152 10.092428
27.324384 24.077978
59.707453 7.696410
34.398994 81.916022
6.947122 34.559504
67.902998 15.781821
64.287736 86.546040
45.160065 88.729024
24.234850 73.159569
44.324282 85.784247
29.099342 21.780097
74.660089 27.786744
67.679406 9.796379
23.467573 31.792998
15.411672 79.114248
99.750162 45.029535
57.194659 8.989837
87.908755 26.106009
34.547096 19.772064
12.250159 63.181243
96.380520 51.498100
89.122526 56.111968
65.668820 80.611563
68.011586 74.027808
49.011634 10.587286
80.634288 46.627594
42.146979 4.190896
94.745587 56.897474
48.885166 89.225506
65.607058 88.095236
46.525840 97.423307
23.146421 92.096155
70.615709 25.158110
15.740641 31.588822
9.329916 25.584130
99.672272 51.733131
47.178499 17.186760
83.404576 72.249272
89.059944 72.235251
40.363058 13.006085
65.194467 87.675551
82.071413 22.370739
51.831775 17.517346
90.187017 79.127880
88.765889 49.692317
17.803400 81.585801
13.711029 63.317743
18.036519 21.029580
48.353119 7.880205
56.555750 98.107255
11.903353 43.779236
79.668160 16.701851
85.009810 15.781721
84.375525 25.692248
82.311711 56.320400
21.188512 32.841441
4.174349 38.501374
78.562078 12.773434
20.234143 28.750310
67.761165 88.431218
78.636229 38.254624
77.120352 90.852506
73.706771 72.161589
18.042991 56.826745
43.193520 90.886876
1.736995 43.507805
23.495969 79.625374
77.764948 12.033461
34.001986 86.439663
38.901487 20.435496
69.087885 11.529145
30.092311 91.125614
34.014796 92.549318
9.414025 77.824747
50.379078 91.630542
82.474725 29.142209
30.341498 15.048167
17.132150 46.078138
67.760861 82.947776
33.130164 87.106483
95.678850 29.728680
11.123335 27.500962
21.860620 12.470227
13.478010 73.471137
43.977463 87.109644
65.102697 77.614036
12.730215 46.989063
52.921960 10.693274
31.518534 16.289630
17.650986 44.284483
89.737352 65.779981
65.198270 79.185539
11.180780 47.573241
87.041728 75.546851
18.170641 62.097671
37.007298 85.564361
84.290084 21.904923
30.623299 19.775168
10.754164 65.811841
98.263821 39.632005
30.609962 93.611137
40.147636 17.402183
51.164758 84.212075
42.885395 83.628308
79.085392 15.994550
41.002341 14.879701
8.911838 22.424692
26.207878 18.736222
77.383381 82.125341
16.946288 57.455992
15.838384 34.699015
44.642689 96.719507
84.466777 81.938813
20.121809 44.009449
64.629416 97.728258
21.422276 19.395353
42.789750 9.432186
65.633323 4.590844
40.576335 7.981401
38.065847 9.113358
99.233611 42.410857
80.586346 23.138719
9.017927 50.086754
15.501981 59.828403
91.037655 53.610600
19.002338 43.802213
25.329074 72.818039
27.176220 18.270671
11.720493 40.527759
2.671944 58.853797
56.667228 90.088086
39.297803 20.085210
16.224806 42.706046
94.207937 71.168653
5.573673 39.711351
82.918620 63.925165
36.072832 11.830438
87.821686 36.848246
96.146782 56.936994
5.688405 39.182918
8.438677 53.252041
18.903429 51.889569
86.550596 37.122931
47.652586 92.188615
69.009586 82.260420
65.624258 14.261831
0.233756 46.332336
39.819288 4.624243
75.342798 92.219365
21.989783 19.743974
63.700360 18.343403
18.421704 51.473088
77.036167 71.977928
38.335190 80.619838
16.870790 68.652572
70.165415 78.741829
22.179036 15.796141
73.267365 29.412548
78.205030 15.058161
23.496646 85.331351
39.000348 86.312490
80.062081 61.069877
80.722909 66.877457
25.685786 89.032722
71.612205 28.355891
84.737429 76.842170
86.035072 30.703040
40.042356 85.558323
32.353074 17.096015
34.480019 22.012041
10.141206 73.318035
17.941098 37.035689
3.218146 48.168288
68.686593 94.016620
52.175989 97.112009
81.238593 36.462070
91.766051 42.275493
38.383218 16.730812
34.691705 14.513435
37.035066 97.422150
57.782365 87.333079
93.931899 53.576380
19.329385 46.708599
63.851671 17.124774
28.636341 27.221094
51.380390 19.154138
54.724327 15.864699
83.244557 63.839675
14.042464 34.485896
6.199646 55.684798
17.059649 39.206497
83.341503 21.336110
42.845470 80.901263
23.254216 36.316879
72.067171 14.636752
7.365219 47.411899
18.896650 73.955340
94.992885 65.790078
82.677910 30.554391
9.326509 42.615702
15.941886 83.501457
13.102792 35.835770
49.896710 96.162076
61.821012 82.931569
66.459796 2.848220
66.139493 87.686386
68.695055 6.287342
9.489290 37.887258
76.810554 68.532388
9.715199 68.330493
25.639423 84.279518
22.577950 71.582044
19.915997 57.987707
17.955963 29.867559
71.685038 17.821887
42.900639 83.495774
47.268985 95.114486
84.359773 13.723032
39.109133 4.000682
82.369849 49.980331
38.316653 9.813355
23.795104 77.866287
20.477873 74.510038
60.903316 8.570194
18.589892 19.604033
56.831637 81.019516
24.578744 81.240259
47.668682 15.428499
19.410477 57.902269
81.747575 61.443239
79.566299 12.376362
65.616400 96.155391
79.522564 63.167066
13.035674 61.631357
22.943374 27.163972
79.348453 88.229950
86.353842 56.447274
29.221778 88.129886
53.241871 94.971637
70.219777 17.254131
90.604085 32.590005
54.449701 3.634662
1.936312 57.313210
75.225158 8.041680
82.203722 64.086154
42.555230 13.062078
65.466555 93.325951
50.838001 97.728695
19.446388 50.569399
91.375879 59.078905
59.893680 83.617807
98.702908 53.914020
28.644180 12.599962
62.859990 17.331244
72.664712 17.269529
92.447233 51.775088
25.397839 78.437683
88.346314 48.309453
14.475804 80.476565
29.404423 90.587165
35.089843 83.009362
97.470324 63.542070
24.809628 86.934015
53.940481 15.861391
10.947650 41.692498
42.710774 19.850750
69.325929 95.810677
68.986691 10.994224
15.720410 71.056894
55.050487 4.112120
80.009505 66.996864
46.655890 18.492717
23.392599 66.962744
11.012961 77.083789
14.714754 74.630905
43.801308 19.334164
32.715575 9.183154
45.014588 6.686538
45.632698 9.605985
62.931670 82.013200
31.608261 7.552750
63.298532 22.057871
77.525225 61.948060
14.824759 23.554980
71.245456 77.196973
73.679382 70.944269
51.813966 91.541050
13.274458 55.954090
5.365160 41.850469
8.093058 55.657505
2.822857 58.014777
13.420145 70.893107
85.302061 42.817782
12.141700 34.214973
86.570386 39.069037
47.680319 90.277532
67.381485 18.263766
64.272331 19.947232
94.977002 67.772267
61.523705 20.078478
84.604784 60.241621
56.079915 16.917472
81.839881 51.476152
18.974877 32.810784
30.633817 92.248198
29.440567 25.696880
83.755868 33.433915
82.447401 14.721411
80.077306 14.351217
58.561362 9.979216
12.784401 60.197989
30.937392 95.873466
42.153612 20.060548
44.169916 9.787811
86.286247 35.826341
73.566372 14.551415
42.315496 86.807460
23.375080 28.669383
50.833111 97.671090
14.643019 49.752522
93.901824 49.164672
81.285286 59.848813
11.965877 82.171519
3.352665 53.245849
86.815648 47.846306
86.291797 68.799986
98.471129 40.709650
88.669357 30.454891
80.320896 63.299613
45.490425 89.665401
29.921115 24.665171
35.109061 96.730787
12.822978 48.889240
69.611598 85.257906
21.126388 74.922174
83.732894 39.940338
6.036065 71.941343
94.097354 42.557708
30.440554 85.851955
55.130301 96.278739
82.818179 50.278489
63.676450 94.008814
44.460629 88.138076
21.413246 89.862793
87.570225 47.748405
11.211512 56.233047
79.833953 42.936594
66.297810 81.321055
39.698467 90.195094
88.640061 80.831904
22.664628 18.689084
29.360144 81.458295
0.671267 54.960321
90.378848 22.923950
32.148878 10.167804
32.234033 77.780895
45.276663 88.469167
23.386754 29.791666
44.877139 81.361651
7.802692 65.514305
63.642201 11.180313
9.572578 26.685894
25.014142 24.816747
70.886113 75.551631
6.408758 63.437366
6.501284 28.107593
80.563360 28.135122
42.419832 20.299435
46.184974 84.982798
75.504991 24.419182
80.581109 24.884006
4.631865 53.726828
19.501536 51.850326
22.031906 75.226270
9.408317 37.355873
0.799405 55.655216
2.375947 62.867132
48.765035 81.511375
3.546108 37.706496
69.615496 8.909534
9.491509 52.999538
7.696950 39.193880
1.976175 51.969858
76.296524 15.299759
96.014071 54.882047
83.827908 31.572663
87.449276 23.840663
3.891810 44.448679
42.455059 94.774531
15.327342 39.499634
16.778472 70.283808
19.836293 74.032946
27.585919 78.679479
24.618144 66.055710
92.465586 55.935220
36.851891 8.530007
25.587991 24.968028
48.760434 85.756172
93.178957 51.216816
13.667839 37.393096
86.039660 54.903497
40.510288 87.769702
8.632463 77.151344
84.273826 33.875448
6.509906 35.022851
31.492658 21.644608
78.131273 64.760873
38.513600 16.104186
24.562143 76.032367
3.651819 39.024482
33.234464 22.653029
88.020388 28.858803
22.576257 65.889951
55.916758 18.438149
61.570838 20.814621
92.083443 45.676374
78.579962 31.232413
42.028240 94.007076
94.115731 39.350802
26.119962 16.272291
83.245955 27.605120
5.688437 59.276469
84.749622 62.679439
80.202444 83.444865
71.054080 9.282290
76.522623 20.845860
91.104566 22.482911
84.833837 82.062787
26.478595 17.932084
21.805798 85.449963
85.124936 32.681438
89.935329 74.408698
33.578822 78.157042
55.596248 16.126565
10.810721 67.451947
44.333440 79.509441
51.904157 2.014902
30.535019 87.925210
85.204726 28.725651
92.791560 55.328096
38.824678 84.559940
8.975718 26.897516
23.891315 79.685395
13.165503 38.511093
34.380767 9.960432
27.134285 10.511674
12.535682 79.386453
10.502559 44.713262
23.190537 18.328026
11.109099 34.412311
67.979713 93.829435
78.447455 34.833921
79.854326 45.488058
92.150577 45.537917
27.908512 80.433299
48.744971 95.521559
38.693096 16.664865
31.698328 23.349001
65.834029 20.732577
85.467703 62.807393
15.171599 15.874313
54.513606 83.734557
3.929968 36.196676
90.533861 42.587506
44.596877 86.510748
39.254700 6.852729
39.397859 12.081092
7.123338 27.374031
18.454713 79.343900
70.449299 17.900140
71.823783 14.730418
82.119963 27.605114
37.288239 78.443112
73.419944 81.186065
65.199335 78.290079
21.319702 18.971592
12.727544 83.064702
89.790521 25.455661
36.362788 22.574329
90.520036 50.350097
37.791493 80.805718
72.189312 82.245742
38.957588 18.956143
69.099123 23.763102
77.135556 15.462802
15.108968 36.930097
25.693467 79.060393
67.983481 25.680748
19.478785 77.459209
24.454452 67.749324
86.750413 60.325118
81.644925 35.013694
23.073116 74.537463
12.843115 63.535401
46.162048 83.761123
49.412981 92.941984
91.670224 73.132264
47.144597 1.511491
73.291090 75.382474
10.719238 53.351394
88.458604 55.457163
72.172970 6.144931
8.358203 64.575178
53.741718 92.188887
25.804300 82.534816
46.030296 91.107822
85.010380 46.607091
95.624994 55.707203
71.757675 77.373488
9.333243 57.900529
29.531070 28.052729
34.447372 89.388752
27.653706 24.264307
20.861359 28.976265
70.066701 77.613152
73.560033 88.427233
69.780172 17.862931
49.862157 81.995293
14.091801 43.726320
84.276939 52.449053
9.965519 37.491011
19.855252 34.854510
95.011112 39.614500
87.340146 17.551792
99.414907 52.255796
67.975520 93.593515
97.166230 47.008657
41.995601 18.017479
26.432539 75.716897
52.195038 15.425220
8.858214 53.358919
52.849603 1.535883
42.805258 94.558122
92.963696 72.464349
48.913317 89.979308
10.495634 74.991867
95.966553 51.019914
89.040139 21.919094
84.547376 48.045567
94.672042 55.520415
75.196121 21.647631
31.665387 21.655494
86.996239 53.426334
50.282056 3.828312
17.594173 74.669216
66.073524 82.149554
51.521563 87.789184
64.623859 82.352722
85.495897 52.787937
69.239549 9.210719
47.147463 82.221520
13.978628 20.425573
69.627220 4.989790
18.335277 65.073743
66.439295 82.565543
2.137772 39.823437
66.102596 21.053680
60.336424 81.693922
88.842864 19.927013
6.387618 56.633725
80.778014 36.596191
59.127500 14.307366
7.768752 72.249745
69.028772 95.347004
83.787668 63.991820
13.770265 62.012816
20.315686 62.777886
78.444519 24.409201
68.061939 76.819599
81.796971 20.351872
18.247557 29.621291
17.089713 74.639467
87.152625 78.953008
23.799446 68.423661
18.767819 48.439061
64.221471 78.115315
80.530344 55.781822
84.417549 22.354061
36.266395 6.967360
14.304563 35.761497
10.695535 76.393771
88.740856 53.467801
65.199504 90.907431
44.753681 92.743361
61.339379 19.690730
25.160413 24.953693
17.366514 74.535877
72.828333 25.851524
59.256024 9.390691
67.675906 74.268817
20.882568 79.525700
8.855326 30.077892
17.465132 43.038523
30.050635 22.927174
78.893169 13.016342
94.632603 70.525210
14.662702 80.633631
89.190691 28.424154
76.589535 9.223870
8.374030 69.983248
48.583737 91.327753
96.328509 33.326477
97.994444 49.478416
39.076122 94.464140
59.020033 81.473570
27.535873 15.621700
94.771780 34.454149
74.360729 68.132137
22.891600 36.029187
85.223728 70.792022
42.387847 91.473334
66.679758 22.012529
37.775157 7.715329
28.128567 82.230551
69.743122 95.616706
75.848298 67.710868
45.667928 87.688376
80.578080 65.815094
91.295491 76.714639
85.900085 53.696462
19.867869 13.125918
41.785093 82.498478
98.933402 55.346787
96.143456 34.753020
76.113452 77.763049
17.955809 37.538285
49.709252 91.913603
91.632876 47.804493
46.429118 9.606797
75.695537 7.900584
84.366270 39.938932
78.079398 69.508297
70.001958 20.600710
62.442730 18.509060
56.460571 3.970110
78.239526 66.663202
61.585239 3.711466
5.091301 43.788627
77.501624 65.794358
92.732042 48.656985
5.675004 54.909137
17.644311 76.342976
33.585683 86.738969
45.989230 0.328458
68.913378 23.626265
45.400802 99.711216
86.598137 63.618428
77.626386 21.316415
22.066870 31.672125
11.419660 43.507507
6.454483 50.358184
80.015366 65.450538
18.258482 44.499593
20.771338 62.046351
60.852120 18.338335
51.209024 19.173860
33.909175 76.269192
52.084014 92.023967
58.928404 82.996088
16.536502 52.332541
0.382974 48.868072
18.390433 42.153569
18.681724 73.004616
7.048821 69.518007
85.393382 50.809557
69.773268 18.574739
44.146555 80.335313
91.800320 26.179882
62.176796 12.367277
40.191440 95.788217
80.812629 20.524574
72.009253 73.275996
63.225168 85.108213
14.478277 40.926008
47.640406 10.076485
75.044419 87.364761
5.752041 65.008153
82.317711 31.787294
24.967901 30.081104
95.507406 54.756675
48.572971 0.114028
23.086212 31.574240
97.249717 55.272387
91.847543 53.970093
30.847971 87.656512
87.207332 77.280065
84.884605 27.952467
11.426074 75.508148
19.704153 55.181293
21.425768 25.826086
75.982931 28.080479
87.404627 19.790101
31.335954 24.696876
31.352182 74.997853
78.019002 35.987611
22.572005 72.813061
49.761059 14.933547
96.959984 53.485317
76.143645 24.034154
39.902012 9.068199
73.514655 28.988576
25.694408 19.414814
48.107216 8.301945
82.915739 44.720468
22.750341 64.260995
88.063912 58.218074
77.796797 84.346410
16.493393 58.131873
48.645596 86.530153
7.750062 55.436765
39.561393 4.338068
10.076913 46.427100
23.746839 72.069391
36.112978 11.999392
80.267843 66.607220
91.446119 74.170754
14.469274 71.789992
57.571904 81.206949
79.992110 23.870806
48.252695 9.058507
38.747862 88.215319
64.279408 23.090088
54.247935 11.215703
99.064029 54.252206
81.590487 87.254801
83.639226 53.348755
77.408686 15.202982
55.909521 84.997240
84.988937 50.029217
73.700414 88.156703
26.046530 27.079183
20.749185 62.564765
5.509172 30.004057
54.955493 16.055191
40.404375 79.555753
21.791551 19.580287
87.851269 34.390906
94.852271 40.482521
71.933779 76.030544
22.482844 68.492835
78.290777 20.933580
10.559976 79.272732
27.833371 28.962936
83.729886 45.727909
54.526849 96.448180
11.386334 65.582170
59.093175 92.085289
78.996394 62.649913
34.970687 87.546861
81.393205 60.178744
56.581382 0.758945
14.596058 32.640788
47.036366 82.919280
31.637596 15.176186
85.257038 65.354095
8.991575 57.663751
30.024370 9.060560
31.665449 9.525132
40.974437 93.383879
56.303187 7.496448
52.445245 4.954925
46.119411 2.384555
34.566602 22.289257
23.121762 72.098065
25.878949 78.697802
3.999422 44.643107
31.098709 24.997903
86.874727 30.888082
76.539487 31.361866
16.246535 83.296115
77.906395 78.288340
46.025437 95.654461
85.762818 17.771810
30.778829 14.136977
80.867496 76.489718
53.762477 95.761371
8.487883 36.836513
53.580877 85.924649
40.673776 19.180338
41.446076 19.822242
26.750174 24.118886
45.223058 19.277623
77.395818 31.675955
18.531152 75.934417
73.017790 86.548416
18.861698 61.129769
81.251220 11.410357
89.753717 69.033929
39.910534 9.161533
24.249789 67.346465
96.388761 32.518080
49.250749 7.068284
76.584711 74.649764
87.807741 81.659739
67.573255 77.898821
85.599736 38.332613
75.397769 85.034937
15.685231 22.203935
57.758931 19.775951
76.892692 81.546480
53.982331 15.620630
87.206911 49.705709
11.863264 61.470526
27.583810 26.177772
85.076779 52.505221
56.805264 83.251962
90.954924 67.719856
34.170420 20.801275
84.471068 36.729116
55.333236 12.506509
52.867554 19.836334
93.311188 29.818119
6.834621 49.083095
77.517130 65.034433
81.547276 29.518101
36.353274 93.047980
10.408094 37.437009
97.501361 63.928098
59.858360 4.209933
54.908565 19.324981
73.231505 77.499944
20.460410 18.745220
12.608766 31.421149
46.050415 15.306827
94.598481 59.983239
9.184045 70.421625
45.639162 91.200234
84.541228 48.499535
85.164220 39.676710
71.426117 72.610946
41.507309 87.486154
48.749746 80.571639
36.041679 13.407667
20.744963 82.167192
16.333684 73.097884
25.289355 84.078223
84.532090 33.687404
85.787086 58.596132
90.988698 61.969127
14.290802 54.005090
17.303362 67.167258
28.027926 14.810649
14.464835 49.129654
16.290189 22.294606
82.159752 76.908362
38.482103 17.933695
85.786602 71.015701
12.484983 21.241351
19.706437 50.366558
97.033925 50.067789
33.483122 16.191755
6.214961 35.282776
15.022688 20.033755
93.556745 62.329989
7.765514 58.837300
39.951031 17.954712
58.723190 92.717970
65.699483 15.767934
1.533374 62.177182
76.922088 87.341594
10.199225 52.109272
66.909197 22.279135
12.371051 47.709603
91.059875 73.017756
60.123908 16.674277
78.574796 76.039682
81.858402 79.150516
26.859519 90.317096
27.032774 94.033206
20.197540 75.346595
86.160027 50.959194
12.081332 69.161488
79.674267 76.488330
44.276937 93.118863
80.354986 36.617227
82.797146 80.522752
6.001909 29.008179
21.940836 87.502065
38.133944 80.971239
8.294780 45.439048
35.822563 77.458101
87.526328 54.222905
32.327312 86.535681
63.337630 8.284865
1.670109 59.358359
51.932159 10.483992
24.668412 82.652556
90.702521 54.548795
41.775917 79.843104
44.098923 19.256252
14.326331 52.459129
79.309343 11.539294
41.659214 90.878693
17.661924 76.134815
92.444286 71.901942
69.804874 27.160669
61.677219 84.948441
18.754461 80.150199
78.182417 34.750592
75.554812 31.192523
13.041726 43.281885
92.564423 52.573409
49.413331 11.886718
1.394945 48.224487
4.248097 65.070937
59.213821 12.918185
78.518938 25.656822
77.688174 24.203344
87.216266 55.790779
17.008600 73.540724
21.152710 24.198548
44.676773 9.358135
43.732313 99.241662
3.881675 58.337652
74.721446 30.902884
28.467618 94.147067
37.702849 22.034523
93.374388 67.122600
82.758969 38.941112
7.093835 64.037441
75.886779 29.568491
29.196029 26.708125
91.811820 35.706582
8.077940 73.755020
20.742840 64.846180
84.019159 71.545599
79.094182 42.071992
76.351286 71.185117
13.992065 39.863151
84.993018 51.941603
50.567045 81.051547
89.381725 37.447811
30.498559 81.450154
19.304203 14.059902
51.801719 10.883468
20.615278 66.256305
95.774910 36.589116
10.811141 50.055007
86.973155 31.045068
16.667758 28.258999
47.424859 9.824806
8.434566 54.511380
41.590956 13.001890
20.438573 74.323932
83.183337 52.058445
7.232673 32.581410
78.854464 75.172156
75.849485 27.479151
30.517294 26.659932
77.816109 72.804931
10.176064 43.117837
31.944737 77.794186
2.656899 45.331529
6.963941 73.735592
60.335964 6.134418
43.677523 1.234736
89.884397 80.039137
46.739771 15.775478
34.329859 78.734880
22.698174 29.662150
3.043407 58.967710
74.930471 32.303045
9.965937 42.839763
5.051942 67.029197
52.654925 14.738735
37.448870 5.752974
79.558973 71.761206
21.505391 89.124276
11.378040 68.881594
84.891215 33.971465
79.140989 70.176932
33.024636 95.957832
59.236341 14.140361
4.485615 64.053084
84.413112 33.401692
67.169697 3.611675
92.808267 63.099605
31.306314 80.402329
37.624282 77.527947
80.462493 49.226735
2.518607 62.452710
63.555189 13.952978
43.863925 86.292607
67.128718 84.938763
79.650135 27.942888
44.663425 14.579167
64.506290 94.041932
90.470905 28.523401
91.522932 52.762573
96.016201 38.391808
93.321657 74.792473
67.304146 18.381769
85.386444 38.631927
74.274332 18.512321
14.765874 72.842553
59.637547 4.542988
96.652958 56.455795
32.090371 85.282070
85.035838 35.424579
94.089292 64.055869
20.454327 73.442113
90.220156 39.519966
8.977110 39.805320
72.962555 85.496304
43.222371 3.621310
79.716163 34.933086
80.948114 81.327441
76.139322 78.338098
7.224941 47.506623
78.186239 62.607037
67.468650 19.027109
30.749285 84.939956
50.339919 13.642415
73.076716 29.962052
29.598565 27.714693
57.593443 20.071186
50.510426 87.738783
13.875576 66.410828
27.022311 8.369584
28.231090 22.520291
87.875214 54.155445
86.070337 44.737575
81.533632 67.853350
37.120707 78.172832
57.670240 83.899709
77.544316 35.961026
42.195631 16.913262
30.893877 16.005331
4.664774 33.779485
17.548203 64.621846
12.889440 49.043557
9.103622 52.550586
95.167164 48.575935
74.447696 16.055924
86.353544 39.272852
71.522339 71.456214
74.526343 68.380353
44.814015 18.307711
66.262135 92.407178
50.755183 84.044550
21.350109 60.661226
59.974169 7.941695
2.925618 38.715476
79.857881 37.960619
4.806303 29.188436
4.030764 41.172785
56.232736 86.367271
11.055656 59.626427
5.659883 40.056793
6.344040 66.267971
82.890344 27.849370
43.037801 3.697329
81.788031 46.154760
68.846483 18.490622
81.650226 40.735637
36.490202 77.701135
80.160503 56.313748
57.345183 10.235715
16.728827 75.142825
23.997642 89.355754
21.005012 36.047422
21.077491 9.711449
53.783622 85.317605
68.856349 81.720272
76.490266 31.141025
32.952273 76.190884
81.525759 43.892429
66.638643 5.228805
27.014656 85.510606
88.643755 33.253180
25.164350 90.595113
21.140271 59.223562
34.879909 76.892758
87.155059 55.008338
57.980583 81.217021
47.411204 93.901074
17.939580 64.063041
72.231213 89.189638
19.425963 73.538244
40.604534 4.555863
38.790337 4.256433
40.530862 5.983072
8.962947 64.968985
74.509266 80.488890
87.397488 59.260161
38.528350 85.014505
52.105924 6.121877
19.772252 58.830049
55.434578 79.623666
75.970874 79.029738
80.215956 37.403466
7.560451 58.950611
37.211650 84.228845
37.062628 4.837292
18.001794 50.698772
53.371328 7.342121
55.487425 86.364135
63.460860 14.418607
48.945620 12.206156
13.772732 61.638581
16.762313 52.536647
12.195635 39.864420
85.754529 35.277261
7.941601 27.492454
81.367642 55.986377
27.044950 82.818332
8.944181 50.365845
45.963192 89.458332
68.434577 89.387138
24.785282 15.787711
39.553920 81.736704
41.118173 83.674742
70.423971 93.519557
15.342479 64.109491
42.814848 17.217010
17.891126 77.782367
82.288906 42.580228
95.361299 66.540425
71.012955 22.560178
73.280204 72.512746
47.045911 9.618642
10.887277 21.297136
28.717740 27.398117
15.285499 31.629478
22.739848 15.091577
54.069595 95.437586
1.089085 41.215710
14.261292 69.785012
19.656022 58.433284
50.486422 8.634219
40.898387 85.788073
28.151613 93.222171
71.549469 80.846185
94.764973 67.689735
78.291483 77.999008
60.116287 17.728084
32.097880 80.575305
73.396188 93.193515
81.578685 83.164405
60.859751 14.931715
49.430046 15.202504
33.216930 6.903129
35.539183 89.267694
44.679850 92.680397
16.420898 29.100768
93.837217 56.517361
19.302526 77.123004
55.630706 5.787246
31.161707 24.467354
65.701722 13.388579
3.463624 39.540928
62.528470 2.853895
84.120639 38.994487
34.700004 83.991170
30.930367 84.098955
8.445860 69.624146
67.031504 82.246825
23.678858 22.248125
10.965141 57.233127
76.901482 80.937422
54.140069 16.778620
81.707635 38.845261
29.943967 19.709733
19.947696 70.871912
80.815540 21.173329
10.715440 79.650030
22.641070 78.929562
97.814788 47.588177
56.637492 12.820148
21.693058 68.922729
74.199602 84.847580
33.892436 79.430429
90.386337 51.431701
70.656235 84.386721
71.846907 28.683433
81.933862 58.376197
82.695589 63.736638
11.244743 43.592204
53.796170 0.453519
38.253710 95.704951
23.225683 66.677079
88.632001 53.840843
81.223441 58.746263
45.739278 14.867155
22.764159 85.343995
82.971205 30.494854
11.187210 79.402393
20.034920 33.407632
37.628290 16.681809
38.310163 11.767721
78.691250 59.843874
89.924663 37.968588
52.297416 6.896826
84.032488 58.034670
59.742491 16.233904
77.720500 30.117746
22.326044 28.522681
64.535071 5.257104
62.156610 80.443903
56.702234 5.729560
67.581760 16.599065
37.694051 92.196506
33.493028 92.939403
12.075438 47.207269
15.090571 68.340348
10.125053 30.316598
88.668541 64.058040
60.593289 97.455137
36.721397 86.771589
46.577901 97.583110
82.267827 39.514765
19.035965 15.692536
32.089048 89.608019
73.938523 16.401720
18.235407 28.851973
80.327739 48.635242
56.074722 20.134514
56.594609 98.554427
47.706137 92.946046
21.363151 83.272393
27.177590 29.497440
31.136751 74.202961
93.130343 55.517279
18.545472 35.494728
95.172411 39.689160
21.167720 14.841433
13.518963 75.629415
92.314211 43.901280
25.128183 74.805455
18.990582 82.390971
95.019824 39.950110
84.389455 77.825243
23.037526 36.771120
51.356670 90.594165
9.359372 26.308392
55.149394 83.722934
21.146762 67.802701
10.184754 39.470276
14.527561 34.634664
66.432937 95.154784
82.811133 18.532953
82.263171 15.406704
80.707473 53.738158
18.233280 34.770918
65.592730 9.012664
66.466305 84.431938
82.793366 13.517601
85.935920 71.101694
22.329050 62.288781
67.687667 83.925411
7.095265 39.601981
49.776957 4.624565
78.467921 38.036255
36.010364 88.982612
7.925583 74.488419
43.480137 18.191711
18.597977 72.601518
43.929397 10.209667
80.790942 61.522972
74.687532 75.681564
32.133168 74.983066
41.851707 84.979879
88.437439 45.112613
91.006480 45.509159
37.105724 79.527355
17.955617 51.062014
63.308909 9.014408
89.430799 51.811829
48.338996 93.452626
80.951177 80.497747
12.848468 56.477552
60.724434 21.176435
7.059082 75.022574
25.554153 29.756904
18.243756 33.269695
50.156037 9.880019
15.967573 23.352212
82.926485 78.832142
42.042474 95.386288
86.236296 48.660984
19.263685 19.332429
9.009873 74.046889
15.176142 47.488609
92.592865 23.945783
78.978502 9.989281
77.813221 32.906965
0.664434 47.929042
13.695000 28.234955
14.740751 51.975255
89.889677 52.186221
25.073753 85.433980
52.828378 82.355817
42.733886 16.567069
35.672675 76.815441
11.136878 75.715664
8.521408 64.144830
20.086373 78.403752
17.933165 79.350662
67.800909 86.329351
88.670269 71.321625
80.067689 14.486695
54.338728 81.113474
74.753919 69.379593
63.155899 93.108884
32.011735 19.577434
98.017728 58.530275
7.358621 57.079983
64.211779 22.988064
82.117244 42.982263
1.217803 56.803642
29.525235 83.548622
57.661774 12.569389
31.019206 82.388795
39.119855 4.161215
13.765105 58.609145
64.556917 79.477104
30.993441 84.411903
35.124398 89.042475
29.241909 25.075683
90.732402 21.627152
54.400978 17.206179
22.998489 74.790615
71.398910 9.678572
59.365645 5.688159
44.834965 82.180254
61.885441 90.295606
84.549366 38.835246
68.899173 15.750284
53.194279 87.350665
81.224987 32.051278
16.641922 57.410294
19.538180 16.155011
30.193402 25.428375
22.025880 35.899285
71.295091 26.479298
30.699334 94.102854
80.492534 58.593952
10.982902 21.842329
85.908413 32.924215
79.749536 40.121679
58.715050 7.466774
44.702851 18.329144
58.021941 17.378690
75.995512 13.233146
49.715940 94.464147
86.764247 52.474620
65.011225 17.039141
29.136185 95.065578
62.855970 3.177149
19.995290 76.568361
89.024129 18.968917
30.113832 79.997751
40.615951 82.670413
43.303843 16.373197
94.895941 36.983442
19.239561 85.127179
1.615695 54.761404
68.506520 87.180392
84.950726 79.137480
53.395336 91.278935
18.506860 21.447116
19.120874 60.257051
51.756517 14.499542
20.485372 66.948522
21.491675 62.776504
18.870196 53.731554
88.570845 45.751500
23.370626 82.833488
81.687581 61.005636
32.649906 23.693991
77.290794 8.365194
52.955040 8.980098
41.040066 9.910821
42.644695 11.208261
64.235768 15.962516
42.915352 88.142985
6.096093 36.967968
24.564606 24.484888
16.222710 39.595788
45.039436 84.530592
81.033514 52.707492
31.435526 86.221472
44.190572 10.826648
60.669383 11.784149
55.749104 97.661891
60.622747 1.709047
29.271341 18.562031
37.825344 4.276701
91.492327 54.821419
51.438596 11.544706
36.845835 13.641246
77.267881 78.341857
74.000957 79.377894
81.798132 63.808587
18.026498 49.462026
81.724938 70.657582
69.957193 15.100572
38.184604 6.098224
97.938171 56.340219
7.748106 53.072189
32.433089 23.911261
94.721509 62.890590
87.643146 25.574212
89.479775 80.597555
32.310136 3.500148
10.065881 41.554482
47.261991 15.485025
77.309903 21.798580
25.574062 30.662371
60.732331 86.148249
52.474713 94.412844
30.536434 89.496816
33.824609 20.726378
90.702320 73.577049
24.798022 29.463753
36.367012 5.342201
68.076814 12.719476
77.420295 63.476541
39.324531 18.903449
20.542293 44.157543
70.579441 89.237129
82.339725 29.641246
26.478424 28.014612
64.741499 78.062855
11.476621 71.981252
96.789789 59.611281
85.586188 45.054320
37.772288 82.890198
54.586404 82.238249
21.997891 63.386216
25.037618 30.042091
39.428425 17.540899
53.814411 82.281404
84.969826 83.605120
54.321151 9.782093
92.202162 72.260252
58.498378 18.817442
30.859307 24.613668
72.264182 12.272911
9.550327 79.344695
5.891899 36.781564
24.145314 30.998735
60.537597 95.322836
50.215867 99.837399
21.463060 62.087510
51.646253 12.680965
85.384550 58.760082
27.241477 13.119646
44.874219 2.259560
55.734096 83.627818
77.133467 9.908783
84.939848 35.683752
97.067484 51.374812
12.172542 18.648253
79.627530 71.991404
20.469244 14.984761
28.172212 18.134314
23.828192 11.206373
8.823316 66.701378
74.714075 31.675804
72.306478 6.605727
32.100415 79.201556
68.735683 9.667509
83.055002 50.867935
81.297585 63.800146
32.745918 8.341841
93.629168 46.894119
82.800595 63.034787
53.963214 83.097124
39.102134 16.242234
47.618373 4.099136
9.597860 39.411225
38.384997 15.865383
14.526178 74.867357
58.659260 12.794807
15.651226 63.202272
35.126401 5.658388
32.615586 24.200045
92.004702 37.849388
1.061837 45.633491
82.739362 65.453915
31.655943 86.097573
17.317301 63.118760
72.856158 75.222981
51.203028 96.564414
37.950125 89.942508
50.506752 81.557753
87.945672 24.231695
81.589024 39.053694
18.057808 15.173095
25.501509 7.294877
78.227105 38.523674
77.498980 62.637766
17.454089 61.776699
9.628770 60.752368
43.887438 18.939386
48.537644 81.184202
77.831553 18.971406
54.106784 92.080995
80.430646 40.563554
35.209040 21.174625
79.262692 17.631111
28.960254 10.745761
24.264549 89.775375
78.732573 83.448095
21.848194 64.591272
74.356638 11.829328
66.838373 81.329723
69.185690 83.018921
79.265037 67.440049
77.264135 88.895232
5.284287 60.803454
22.066120 61.719692
12.177317 79.675076
82.809270 25.856754
81.882547 86.068701
74.298317 31.284473
18.021066 50.316707
48.409097 82.049480
27.519356 17.969350
95.585365 38.029894
76.670329 78.924246
45.243882 96.208085
28.906606 12.881249
64.602919 96.172199
67.879887 79.202024
4.884725 58.897582
68.416742 9.978009
71.936234 19.555277
17.802983 27.567446
18.146857 12.660393
36.718496 81.212915
61.190807 81.817534
9.616315 52.201006
3.531384 48.392526
48.473887 8.389864
6.801547 30.719055
82.940789 50.737718
80.872846 26.992269
68.257995 8.823372
67.057329 14.269674
68.825434 16.872269
89.798806 32.000850
39.832855 18.365605
27.287237 78.542356
88.564453 51.068576
92.775866 55.013496
89.646283 43.761057
29.151179 21.187751
24.947532 30.914866
75.913000 66.445057
57.434339 18.756431
9.597399 73.978723
46.693627 90.350616
76.345494 27.100338
10.818082 27.487410
15.660240 45.452111
88.849977 55.266916
7.760434 35.126071
81.790093 18.859879
35.426181 90.603591
81.192239 86.330796
58.030856 14.631580
1.682462 40.010465
71.583670 72.064752
32.625736 23.171631
27.505788 27.482425
87.138983 57.589292
12.423941 46.377693
98.339629 37.593513
26.840311 12.648862
22.242178 28.155937
64.087416 9.622135
13.753989 65.292682
80.011533 13.103545
21.952330 17.920034
89.914764 19.904084
67.929920 21.361674
87.062074 67.032737
91.968738 63.781526
70.386364 83.679563
18.283229 49.500023
37.857440 19.989414
22.456329 32.653070
43.446796 9.322681
60.860239 98.608477
7.035027 57.783285
51.455975 90.520857
0.692917 51.197683
30.982396 23.775163
83.624394 26.305875
78.107041 21.031059
53.038969 20.124290
7.709944 43.613851
83.158436 83.343589
70.443317 91.157453
77.614853 79.289246
12.979590 67.485929
34.045015 14.723280
39.184499 11.184590
82.908914 70.332370
71.152267 91.259617
43.247671 96.065916
20.607478 71.755510
10.413087 19.811552
36.216414 77.631390
83.263071 27.652684
18.047349 40.601015
31.751856 85.979079
50.598227 6.063428
67.388911 78.103164
80.954188 44.814879
96.853959 53.987254
97.877319 37.918549
17.312242 53.631274
73.697205 13.620909
64.742250 12.334623
12.829135 57.286712
13.100685 49.846607
79.156248 42.185269
8.998457 38.069968
68.438417 22.181937
23.662257 89.224070
49.943895 84.421323
72.393111 22.204496
9.454140 22.952531
73.924912 14.022039
20.670436 88.340395
78.348709 69.560228
39.852170 92.191753
80.297560 76.632920
34.057659 78.969418
81.008919 67.347568
61.969967 6.418763
32.179500 81.123899
31.334556 82.534122
89.009370 64.631625
18.085353 86.498840
88.537138 70.296084
95.632176 64.262329
14.419089 36.978271
19.077252 75.864471
85.074825 41.420366
31.937480 12.250734
92.982575 26.449261
15.837558 24.413014
57.644360 16.575487
78.734328 37.194858
72.547385 84.231583
17.169684 87.701560
80.267011 49.717282
92.231969 71.301320
58.417012 84.208006
42.561137 91.900298
15.003212 64.091451
37.594588 5.369115
31.708567 78.274009
69.142132 94.034119
27.459334 75.030057
37.417183 81.490568
74.707758 92.158110
54.699638 87.950956
73.774229 23.120537
79.402629 62.921299
72.657056 82.654252
7.703079 53.497643
36.119276 78.763832
51.212152 19.904893
3.012047 37.062153
63.507665 8.505959
9.288077 36.799458
67.486118 6.334438
74.708465 71.849968
83.984859 75.469166
54.205939 81.769123
1.599107 39.509755
6.901967 64.652810
17.653096 14.973106
89.736608 39.028005
80.114970 25.834707
54.281648 90.404761
55.770936 87.191466
27.764161 94.677938
39.241396 78.250955
18.237048 49.017740
53.562844 12.594195
81.089490 19.411173
14.849083 18.958900
6.970702 33.016268
82.173762 56.032779
93.679429 44.120873
85.986272 44.317965
85.454686 27.127061
8.714263 40.069301
20.443869 62.388956
81.047515 17.080168
49.534802 12.443127
30.006880 17.590876
11.202642 72.940931
55.425381 91.262208
15.386862 40.810144
80.964413 60.362481
86.696487 41.025542
33.426925 83.067452
76.574269 88.049339
49.022343 17.687299
30.904956 8.587762
24.433941 70.773214
77.066720 31.813923
74.537461 31.326832
82.867805 16.191048
89.533998 51.799572
1.706695 39.916887
30.379668 20.423885
53.620377 88.929002
23.487356 17.662867
47.623864 0.443912
86.559442 35.018017
79.959208 58.856973
88.086150 39.570193
18.220304 77.798847
78.583811 30.360608
18.372221 37.316990
73.937561 7.367066
59.982615 21.660660
17.230416 64.330154
43.602828 89.140173
80.506108 70.664055
82.141624 79.613072
27.287910 11.472453
20.948763 10.974931
82.013432 52.376863
52.398411 17.631559
57.749637 15.765087
24.123663 85.465769
52.233436 82.399346
15.174001 35.785586
80.150694 39.565068
22.361360 32.691409
72.140197 90.067148
97.699965 57.247315
81.070517 87.255326
84.503366 39.883589
89.752482 68.298115
7.556533 57.804701
78.791298 22.018843
43.627521 11.846106
66.199868 75.980630
23.098553 79.233791
72.060131 26.940991
94.098494 44.864070
63.959807 13.533131
73.724680 85.969199
74.582404 32.023697
40.320895 82.554739
88.864974 62.238323
55.526784 0.985515
11.888465 33.581001
52.252343 95.395773
11.998219 53.499008
97.582182 51.483492
61.307870 83.119881
31.964333 8.199031
25.329736 73.606505
86.723076 49.438825
87.000320 49.991886
35.085740 95.320251
10.311811 28.877332
44.232988 11.128015
9.758294 69.179472
71.983486 73.167916
82.852158 59.724271
56.265183 97.019291
61.433224 2.971093
90.910342 41.873228
97.228294 38.542600
53.667417 11.385573
6.005380 40.454604
80.631032 80.251479
24.443439 25.734364
98.244790 59.142624
61.560442 85.426003
83.413860 72.045116
23.880146 84.229172
98.751543 43.020794
73.092044 72.656525
60.573863 92.757033
48.234456 93.979353
32.898532 80.112796
66.973510 91.357328
48.281798 5.078428
20.853933 57.143909
6.831799 65.783221
17.601569 47.859577
92.924396 68.272251
47.244935 12.949929
2.424758 40.726565
23.653576 83.362387
90.302254 57.497952
39.236274 94.006348
9.534387 66.118469
40.896280 7.990743
76.303012 29.170063
5.060381 64.158545
81.690535 88.619253
54.037234 96.720083
79.286108 75.824082
15.466485 81.449021
51.675816 17.718312
71.981749 85.913161
16.408499 21.274896
32.822562 8.230018
11.455638 29.292684
10.876986 24.646444
31.758375 12.061080
20.072495 42.101260
3.624020 38.722065
9.787467 47.803406
13.635287 41.844601
67.074860 25.208655
35.115284 17.223069
37.790578 89.022073
89.591321 42.028366
19.151764 31.922660
28.528568 79.440385
83.255141 51.839437
13.336821 46.789088
72.100038 83.175337
18.835057 43.972798
53.531849 4.294839
67.553626 18.700074
27.149505 17.846802
39.150405 7.417141
10.127959 40.213956
32.384283 74.851629
67.321980 92.423482
28.833220 20.322704
60.591148 81.977376
18.382783 31.716351
71.695467 13.962466
85.656993 44.408006
67.327752 92.319577
74.119478 26.384170
17.283585 59.675129
84.553271 49.768291
46.492428 95.007457
79.787813 27.990596
34.428580 20.296572
14.499989 58.414276
45.029763 11.487259
29.724723 7.236331
22.176373 86.619945
41.994447 11.133660
75.677050 83.290974
15.604874 14.954610
75.202895 68.205062
87.689004 32.749775
45.590538 14.976255
81.670087 82.920323
40.486288 15.332958
72.747807 70.387424
57.505380 7.803786
7.367207 32.510773
91.691849 40.348542
20.431759 9.898171
6.758468 52.677634
42.065864 1.035388
31.954141 24.584827
82.102568 29.936577
50.394989 97.611638
56.502407 6.476450
12.619745 22.926912
9.192780 36.886214
46.232187 4.570196
92.416563 42.369534
27.452106 75.061527
27.978039 6.637549
93.584969 28.423211
74.308827 92.718662
16.224263 25.985910
43.396772 83.796209
19.237625 24.295930
45.914854 94.215022
0.949743 50.923833
6.486241 25.951404
22.365886 36.095309
10.801607 23.414884
70.069066 90.182995
19.553432 72.210789
35.816113 76.764391
63.645173 14.404487
58.654245 78.915174
76.766477 84.224648
89.516056 34.394041
78.298813 29.577369
72.074798 75.554558
20.187524 54.843775
52.780240 14.644054
98.544697 58.661592
57.177346 6.984120
88.460651 56.976055
77.072341 87.874005
87.067375 31.246200
20.385020 26.620774
19.393941 73.530714
89.967618 73.016548
84.711953 84.779884
82.604388 69.545969
80.563375 45.097841
34.336383 88.786285
46.044811 4.549276
23.023619 17.337287
80.939343 12.394065
79.516984 58.785174
62.556662 95.917132
15.160593 74.577814
93.847609 72.098968
68.428689 16.338884
34.438540 7.775590
69.426444 84.173340
84.748037 34.218739
72.013155 10.513775
86.585071 54.830876
87.739547 64.771510
8.757967 23.932877
80.785087 13.995747
88.301472 28.737773
31.191912 96.023680
91.473055 27.533274
92.640407 35.636336
12.913207 40.762300
18.114616 42.218043
33.089890 80.016024
23.850603 21.708989
39.821435 20.186367
78.816291 70.000184
86.924247 57.774576
80.757191 25.241235
80.424283 74.485628
57.459057 2.464613
39.921715 97.365375
76.183629 87.654548
62.835458 82.371877
25.669687 22.352210
14.131278 20.739869
55.323782 12.745616
8.296678 67.573010
87.956564 62.314593
32.829342 24.134880
77.292818 34.942451
25.764347 72.973692
41.220667 88.042537
91.769438 51.132087
22.507832 70.111260
53.400933 4.142761
87.238316 32.428541
67.026347 78.674928
56.589806 9.091162
21.162991 59.602295
32.332654 11.821159
35.811525 97.439309
72.369314 25.292907
12.681962 43.881153
89.793824 72.005996
51.787428 0.256107
81.632830 69.238574
66.634662 16.063779
34.668588 16.574791
78.498488 75.035688
89.264143 40.605532
26.335633 27.822808
85.984691 29.901675
32.636638 13.133364
69.174659 86.308023
16.984556 56.592323
24.594261 68.058515
14.494254 69.965553
68.431557 8.481520
52.700360 12.668455
14.847824 49.588201
27.590907 20.764421
96.702191 41.811897
79.773408 31.103767
19.306300 24.135574
41.528418 97.565099
17.553097 76.559536
50.667093 84.547389
85.244438 39.145716
20.626154 32.267209
73.577566 29.456577
90.205935 50.916253
40.866476 89.901969
15.386647 66.971572
20.440386 66.196588
89.774046 68.366344
39.187845 21.458797
78.000579 9.915472
7.149822 74.411924
44.350693 81.359764
94.628626 37.971496
21.837439 86.471089
22.360641 25.238335
69.985696 26.786459
20.073836 45.193521
26.127858 73.374328
84.028676 59.785792
75.532743 23.618522
21.443721 21.316308
38.127880 85.306443
73.896199 7.072948
39.727246 88.141140
72.770614 11.769580
56.294032 15.128690
18.516416 62.559830
36.170169 86.748871
14.666834 20.936969
77.873620 79.279339
27.196947 27.914062
18.263524 70.076220
78.695021 27.604205
76.542031 79.673141
79.632749 58.660561
35.562782 21.054419
11.544070 23.493661
44.495264 97.666321
36.980083 10.001293
86.513887 18.292167
94.725810 43.144321
56.958713 81.139371
6.863027 65.710628
74.719598 16.529368
52.202150 14.269752
83.062196 22.684086
41.874689 90.127846
60.618998 5.268833
12.332460 52.570150
59.424054 20.237299
83.521189 85.467471
31.579761 87.372055
38.330938 8.491928
25.812205 77.716445
91.205732 61.011005
18.526682 58.857421
77.778966 85.767917
46.587505 13.256461
9.124542 35.264806
94.609814 70.516826
36.513767 9.167222
63.579325 2.544106
58.567941 82.322632
5.267748 39.453896
41.513726 85.763005
18.230464 76.120136
54.704483 15.639901
64.765785 3.658536
81.984865 30.870007
27.179499 80.840644
70.089666 8.187727
28.716415 73.180179
25.791595 31.297119
33.621932 14.008666
6.775771 45.468922
21.184504 32.454391
56.769571 2.672967
52.340691 92.836348
96.006971 55.261741
85.513386 37.100270
15.079726 58.051298
52.380460 86.692057
79.351773 40.723073
79.248515 34.827667
27.007672 24.493266
87.248626 34.052134
39.231500 82.198151
71.435203 78.275596
46.798827 17.560678
53.032203 89.689784
23.544264 74.354253
35.800097 21.487901
57.244288 90.158107
88.028103 79.638684
85.652545 62.435608
61.855317 13.121125
88.526061 28.823173
71.049111 24.734470
27.411105 20.047927
18.953375 17.056336
27.391144 83.877382
2.665619 41.821741
29.492967 80.054379
17.945034 68.750072
15.416162 16.295090
19.672631 89.596606
30.843974 24.348997
51.747940 97.734735
29.332614 94.897275
68.656382 94.505627
25.407519 14.071754
79.581065 74.730893
53.578978 19.621760
43.396139 11.443072
92.313155 38.540252
72.570352 88.915776
97.797548 39.476123
75.376077 81.233582
85.913526 21.466856
37.540041 79.462503
88.952864 34.210122
49.944076 94.572105
12.561487 66.037879
79.206920 28.042226
91.944839 50.555782
8.405595 24.997574
69.041682 11.617196
70.439385 93.175035
19.970141 42.257807
25.476274 77.793217
66.317376 77.737366
29.409712 27.425727
50.161680 17.828722
16.793230 51.473662
83.883059 24.191916
30.453219 82.103610
37.407719 18.532364
36.601027 16.292015
47.316372 90.852361
84.650665 34.518460
76.792261 15.277133
57.017613 13.817264
90.159302 73.831183
87.331146 24.687108
93.035696 37.908115
67.547323 4.756784
60.583159 21.879864
38.300650 14.238463
13.167710 67.863338
56.080692 7.436274
21.044334 32.531963
32.995279 83.680717
58.402091 85.437237
85.202277 64.600698
38.049453 86.383172
14.907311 36.475380
30.584512 92.075377
21.747508 63.861906
84.228426 46.444461
89.985940 73.465900
40.029232 1.090487
22.471183 73.118915
53.219857 99.700107
96.363958 37.191666
33.367979 23.522420
61.774957 87.659443
18.451671 81.017182
67.462278 91.102196
80.439366 67.625719
15.686876 61.020611
95.266560 40.460366
78.152904 62.303064
6.152595 48.063727
43.257382 7.058664
8.068662 63.253029
85.065000 38.208952
12.305216 70.156895
18.491229 55.968652
8.404353 38.321219
90.249881 41.234727
32.308109 19.773172
78.906342 11.293837
33.929690 20.088871
38.861381 18.549810
33.163990 86.370983
10.836086 50.608672
80.286580 32.482192
16.872833 41.559920
31.206261 77.492651
18.369904 27.187588
91.862593 50.439823
34.239956 21.851812
24.727381 11.387730
54.130331 91.503870
45.140501 88.111029
61.359628 17.292463
15.745105 38.653029
77.725970 68.662304
85.257977 79.640436
88.350189 59.350685
26.533094 8.754709
43.754279 92.120958
12.832151 30.395061
21.570153 62.037615
34.367699 22.779170
9.391372 61.808244
70.961345 18.217533
23.843420 64.742924
92.080103 57.205482
54.566965 8.311867
35.743036 8.638660
77.531248 19.334028
58.981815 81.250516
63.438142 8.772237
54.948594 12.498388
12.796397 70.287730
58.048722 82.170023
18.756282 34.390002
14.311777 37.261386
41.904197 13.034089
15.067455 44.888764
81.075018 76.769767
38.518615 15.659926
86.808328 53.106406
81.712840 84.687920
43.912355 86.565593
25.891771 29.332110
35.753470 20.778440
13.682411 32.771663
28.690233 85.026655
60.579901 10.535673
10.247833 66.618848
79.657197 10.995991
81.984907 50.468390
4.973998 39.673492
12.599173 69.261007
21.720224 27.577054
81.434818 26.124333
50.744210 80.028127
27.994029 13.188187
28.418432 87.345461
2.581998 46.562622
79.247691 71.149877
71.124034 93.312793
77.436286 69.952777
93.307274 69.485405
70.965109 91.105862
39.849044 18.818635
46.658982 85.852307
39.833850 97.573935
63.760218 78.479544
87.598223 23.754767
92.888114 61.274194
44.100780 79.717305
60.163745 85.683504
85.990185 32.535621
35.419714 93.724042
92.272108 48.404268
26.049422 75.288474
20.123544 65.601415
27.250928 29.019714
83.236677 51.838318
47.976669 81.926619
74.331818 16.890097
78.881978 37.369226
55.008043 5.030634
21.417553 64.705279
6.405668 51.022313
58.960724 19.072264
84.266347 82.203054
44.067786 12.945057
87.980769 31.117190
77.847409 18.796631
57.287187 9.394334
84.301807 85.194874
93.791023 54.317757
20.594702 23.519407
15.974194 35.825204
1.645035 42.575824
80.809579 12.654468
17.358809 23.970946
17.394646 19.461482
26.211171 69.705043
78.305774 28.465908
32.364019 4.329987
51.007108 10.316503
14.956010 53.684535
73.256234 27.181378
59.786037 92.180716
83.898431 52.676665
10.820334 39.970549
75.032465 78.300133
26.645959 80.083149
14.422123 48.809256
15.009932 21.532183
39.532054 80.906152
33.870392 4.974560
30.400339 9.661332
19.107640 70.610067
85.305616 32.660929
88.352441 58.657875
89.441525 67.191506
2.705539 50.148686
5.107599 28.566554
22.932198 79.112125
50.693722 12.559942
70.750592 87.919408
76.427707 77.800754
52.478919 16.535779
80.719306 20.070676
30.155263 16.248326
87.209768 68.963739
65.133512 11.120014
92.621844 42.827994
78.352845 36.332889
42.570181 97.463391
47.495511 85.202108
82.273836 34.507959
22.476941 25.645260
21.976656 39.199083
31.236961 12.786164
21.516277 81.155928
79.244447 58.637409
57.321091 90.961245
21.065992 88.950912
60.680638 11.370500
64.585011 23.362739
20.856658 64.048824
29.503053 84.904622
21.044337 89.207425
93.726127 57.514883
10.738074 28.650144
70.413444 95.502210
76.642253 73.547341
52.990137 96.082467
20.620226 68.896326
56.517481 87.399927
29.747784 15.268131
89.667417 37.288872
15.078596 73.241836
19.875770 54.548265
17.223642 85.747165
6.520614 33.655119
75.417824 11.854360
19.388439 20.372901
94.426662 34.961743
89.427073 27.765309
68.230535 13.546185
26.183185 25.683311
36.316097 21.316800
25.063810 77.534906
11.714966 57.205020
91.562080 39.579410
79.903437 42.570431
96.795398 67.344377
69.436142 23.709452
95.176503 35.527554
9.497307 26.461433
55.498541 1.633946
16.022023 73.940950
31.446812 75.896226
2.334045 55.751487
46.197160 16.830416
67.408009 5.066593
7.694303 52.066025
62.088683 79.627431
92.667515 53.583223
80.699898 52.432570
6.360497 54.091898
1.912576 42.145691
86.440985 64.863649
27.322642 69.898025
59.631252 11.801029
83.678317 65.730983
92.403845 57.484504
13.680034 34.495808
58.808715 95.464916
65.488431 84.563860
26.120130 89.403306
92.929860 30.122493
72.030983 75.067211
95.492723 47.843325
60.457688 8.944116
83.544310 61.531992
14.895721 30.453196
76.098697 28.169696
6.000724 40.867855
1.119012 51.402703
66.348530 85.469399
12.209848 63.560797
27.445504 90.305840
18.729888 54.993852
81.270926 15.015957
47.009021 13.685406
43.682137 14.870837
9.330579 53.600265
22.733986 16.625110
82.353133 59.169602
11.291285 72.336562
27.250331 69.880064
68.909453 20.559363
78.382253 27.223641
55.790748 82.180036
9.765285 53.509741
85.605372 15.365003
59.592768 18.012580
29.883180 77.218843
18.207874 71.294837
18.765067 67.848699
25.688008 28.093316
98.511046 58.088177
79.221691 27.577134
37.350589 86.490165
72.905921 76.649337
36.909811 78.362893
18.462218 28.213047
8.591496 41.428711
53.608888 7.894786
20.445344 56.139073
17.423129 12.980081
17.357658 39.317355
79.470713 64.196965
18.899697 81.483348
16.660446 12.873021
23.642051 68.248526
94.303225 58.243329
62.251766 83.885721
81.613340 26.130359
34.757006 82.436719
52.188399 2.670619
16.960340 20.186375
31.107815 18.786064
40.497179 8.337238
51.522894 2.480628
15.106174 58.688420
25.311762 21.644522
66.634716 81.495990
60.036149 7.462899
86.461186 31.157022
85.752853 54.906977
69.056761 8.982678
96.813502 36.117296
6.303661 39.190651
15.015679 38.745027
74.861582 8.083708
81.212823 62.046676
88.600137 48.617179
68.731468 19.787556
55.850791 90.757636
64.986344 10.826564
97.379847 49.730057
50.811335 15.110820
92.641158 69.468037
25.120643 26.993779
49.822983 13.961601
19.095648 80.086701
15.858892 60.981266
44.360154 97.177110
4.541637 37.205734
87.731345 26.424873
6.163530 47.182387
16.208253 18.914674
6.603472 54.679373
80.146462 88.128582
5.453480 62.759138
24.680295 73.515824
78.302950 66.327298
31.351993 80.895341
55.594839 80.952007
79.035916 33.820454
95.028158 51.921857
76.511623 13.157744
27.722512 80.710753
8.566876 32.083773
21.347358 63.693030
58.356655 9.902055
92.968343 52.448025
90.149836 27.349829
61.545538 6.763916
91.314300 41.192155
81.234120 60.201978
84.520637 25.505174
76.361795 88.050745
38.827497 79.370916
75.713113 31.035046
83.725653 85.084457
87.824106 61.300388
47.866489 82.987986
14.915500 78.281208
31.783571 95.194472
78.402913 34.166847
61.260444 86.074776
51.869839 86.411026
78.022062 25.873992
87.508652 45.318923
28.202570 22.640687
11.002373 45.172916
47.360628 16.844405
4.314392 44.337657
88.168373 50.397936
68.484688 21.780808
32.178842 17.131748
97.092401 41.902791
20.490666 68.272526
25.008324 26.393479
70.810609 8.453437
93.403538 59.042477
86.243043 81.897858
22.416587 32.794445
12.486578 69.621868
34.923288 83.502228
81.193346 53.551502
62.832159 98.053752
76.999333 66.809571
90.295502 59.590114
32.014723 6.875648
27.636649 25.964722
27.960335 85.983686
9.776997 50.694548
90.115581 47.114029
38.751212 7.532799
24.259246 22.101080
2.393572 48.269906
28.991426 20.727206
92.140804 42.609647
18.849320 42.472624
89.821732 44.244701
81.438073 52.059805
12.102835 36.224745
47.444532 19.981568
34.291095 12.564584
43.640534 90.040318
93.119580 65.319136
49.202807 85.765790
74.889869 18.680311
17.300585 71.582376
13.448755 51.280361
11.548409 20.294751
89.132911 34.365171
25.798924 16.297164
45.605308 20.209636
64.092948 79.774583
79.372353 62.165977
84.919782 32.954053
60.964039 6.622305
47.651545 6.987356
77.518510 28.098350
22.635093 86.629623
4.285811 33.593102
81.300517 28.809363
43.780355 19.634995
85.813449 37.807406
5.603151 65.552590
20.118812 87.882019
52.207080 86.763107
22.376086 70.103454
10.788128 39.083627
65.419463 14.085479
93.263629 35.287394
14.458263 57.582155
97.036708 62.788842
11.846545 26.798998
73.546975 80.131927
8.581419 68.370855
95.681044 36.241499
55.612442 7.844983
40.643534 13.055893
73.910310 23.801088
17.187870 38.514893
76.088689 71.260855
43.401784 10.855027
23.399102 18.939473
38.601850 19.418835
26.931075 24.779786
24.265537 84.090920
55.904507 83.268945
81.362349 40.199779
24.323110 84.575584
1.771197 40.153614
3.109817 37.352096
31.588688 86.663594
25.915330 72.605484
32.133782 92.410353
78.458394 72.236380
20.383152 21.130263
19.441795 33.246407
88.247944 27.319970
16.041254 55.177397
84.251597 53.404025
11.126534 75.550752
17.453625 40.330413
67.601098 79.723461
16.987530 47.424570
61.476260 94.687456
16.116901 69.071754
19.926045 10.808143
45.826181 83.371031
4.684845 63.613465
10.345014 73.447846
63.771344 6.817861
87.927924 39.144110
92.968612 57.957141
41.055622 86.558233
73.380469 17.529718
82.128965 74.084896
76.011676 32.402565
8.111558 50.793767
46.407625 7.409686
87.283035 35.432323
15.150083 29.680355
90.352639 69.807837
64.982724 13.145086
43.574436 86.883141
84.687000 59.239448
9.042016 46.681813
30.110316 16.743333
41.076178 87.800107
29.150095 84.322512
17.862909 49.388273
7.411784 72.661042
52.356408 6.681940
22.542531 33.701499
3.549165 67.032489
76.209844 73.900606
18.117083 24.578494
29.542996 23.735378
35.783479 13.894263
80.348091 84.606895
46.012784 90.448723
82.922017 62.123874
89.111368 58.371625
83.317582 62.946592
41.867051 5.828218
44.485998 5.478249
20.575115 32.385071
88.335960 22.745116
34.239698 14.061325
95.500751 48.355644
8.248556 30.462879
42.498326 19.917457
75.612385 32.996029
77.103178 25.730895
25.067901 29.916713
74.308721 25.446014
17.519643 47.927086
73.733419 92.187314
6.078969 52.907408
85.762113 32.985861
36.909188 83.970489
57.694547 91.976425
12.506738 72.562190
17.685889 41.958580
91.584890 75.273634
38.904154 98.599167
31.719344 96.536126
47.936722 82.383300
36.130968 16.331166
41.075709 82.073884
77.574403 80.583355
89.869318 71.707340
73.691151 78.551432
13.472929 69.515929
79.463792 30.708868
74.121821 20.841506
53.473960 95.216678
67.029492 9.210200
26.304549 14.124909
14.900602 25.739418
90.201662 25.605339
7.769539 75.992845
20.901662 62.329286
33.775919 83.578959
38.167152 16.964233
39.392836 17.843541
71.193879 7.117104
81.539592 14.618159
41.630620 93.510537
9.571449 61.323450
97.789473 58.035411
88.491866 63.353322
33.112851 83.709427
25.503231 80.342849
28.665995 85.337162
21.933725 30.166341
59.010850 96.142253
28.517438 16.777108
86.741277 52.382543
59.963360 88.055021
14.730319 80.717591
37.996329 15.785873
13.514163 34.099182
53.262987 83.309871
12.163410 46.465452
28.805424 19.141957
98.225354 49.940051
6.788313 50.423187
42.316881 93.445494
92.739813 26.847584
9.175584 41.593768
13.563429 57.583424
29.087492 9.861792
87.640174 40.086346
33.776580 85.804064
27.211730 75.851376
87.386560 44.505874
9.817721 61.113012
88.172782 36.775838
8.201470 40.191827
28.429054 70.998583
59.820143 10.013128
62.700384 14.725161
90.697907 51.773220
38.821212 13.703786
92.697798 67.294923
8.403047 27.313950
71.511351 85.856400
56.620431 18.580289
94.315314 69.763377
25.524427 84.179175
18.053114 84.232334
9.493290 46.250307
19.191216 57.955308
9.178361 38.077135
6.098650 55.598810
48.133740 98.373085
83.886140 33.782695
91.297888 44.408172
95.663853 51.595174
35.823540 94.523256
59.852815 98.035141
14.854970 71.120645
19.798049 77.373043
2.842970 46.119401
68.246627 80.967867
23.578201 16.782260
8.217881 34.422899
44.858108 15.774922
89.546529 32.597177
20.466117 77.243928
42.265433 95.879168
38.351148 14.305607
65.153243 12.997755
80.753536 22.604578
78.792074 10.314151
44.812491 81.024224
33.322803 84.354870
53.319775 11.349557
40.646791 19.180369
45.182396 1.790278
46.735481 12.805341
45.784493 0.244278
15.173074 27.042795
33.887923 81.129672
83.200465 61.504388
20.224748 30.816093
5.850688 64.524982
92.894059 49.450625
15.845072 62.659385
36.284364 19.402077
72.663038 79.820410
55.267371 90.745586
27.306876 26.276360
37.549572 19.770801
69.017874 91.744436
71.573002 8.352598
58.210011 92.559175
80.911870 65.396086
48.877846 5.113817
11.728065 55.695115
50.349002 84.569048
14.173196 47.376173
19.310572 24.900153
72.315246 29.097374
5.911001 43.645516
46.711943 12.900807
36.895186 5.605845
26.914088 11.613006
78.530478 29.821461
63.157588 16.134955
80.427762 67.393069
44.658522 15.894761
9.578678 66.018827
90.100387 62.043169
6.523112 49.778934
44.838328 79.762060
20.742898 74.686023
84.657697 54.376002
10.536860 41.977282
11.036310 20.692382
80.139437 88.435639
66.376507 97.071552
49.602863 93.630598
71.784099 23.972677
70.193880 24.769538
94.982501 44.595046
19.160993 86.917273
20.292265 45.810628
39.615461 5.359317
89.741805 22.159975
20.989370 88.886006
56.444365 82.122628
20.595643 32.605546
85.342894 49.382447
79.810468 82.627352
63.510344 3.051918
78.045971 78.689836
94.637612 37.046698
74.311319 18.661372
73.308738 22.670429
68.606604 14.434500
57.366879 88.334653
76.445496 86.837857
34.531862 10.946574
24.054804 70.986066
47.871134 13.308290
24.137726 16.317796
17.844383 78.917965
19.753802 82.558633
98.710487 56.508243
12.735943 61.671047
76.849011 11.822232
16.545031 22.772588
3.944339 44.183463
90.884707 49.938464
97.337856 48.886692
27.648783 18.977205
47.323831 11.765846
33.671762 10.860367
78.334201 16.703636
76.760554 72.564860
70.272424 27.436021
16.094884 54.726013
69.321571 82.352013
3.669808 59.033509
13.316787 77.343556
27.854367 89.566112
92.157038 48.015491
81.158640 76.439681
72.522651 89.008426
85.864851 56.526883
11.614527 32.348715
73.522825 92.370002
37.267290 87.871943
48.224151 11.685498
26.150811 88.735971
42.005914 85.396259
14.355055 58.897679
17.015367 16.195341
11.609156 52.554886
68.694394 82.284763
62.344097 12.256557
67.296707 84.444575
31.420137 80.903132
76.755776 25.976172
69.518308 86.355022
18.879778 65.909516
59.319732 85.701567
65.394287 12.685779
74.697788 8.960415
86.225243 17.813891
32.842584 81.656854
16.175543 15.708875
90.716331 75.857534
68.068719 78.239861
25.555086 81.095863
54.497400 13.452259
15.470907 72.127026
33.785722 77.938638
88.173695 25.692828
24.306967 80.056200
15.396310 55.174171
92.184828 67.743713
58.339113 95.216265
26.068418 85.956914
58.093662 14.279251
76.724346 64.924345
18.675846 14.261639
6.166302 47.527364
7.683820 41.655428
73.570301 30.803088
93.633497 73.747034
12.785621 56.911008
43.544288 8.514013
54.257287 13.531798
27.590379 19.455538
86.673322 78.521249
46.019247 19.138026
61.488992 12.233875
11.955658 38.651796
45.987476 90.203783
48.627497 86.169780
75.079306 16.506553
9.486278 25.966165
65.287122 9.304902
50.716459 87.433129
8.703338 61.568121
78.361395 34.655925
21.276078 9.370202
68.237983 9.786837
37.194791 6.854410
88.707677 57.252982
2.010816 56.163954
58.263136 6.869710
80.170902 70.187882
11.085641 23.056708
85.316306 46.657390
21.177336 69.290458
37.078893 14.296532
68.564884 86.400229
11.944744 50.321851
62.963096 90.457505
24.749558 33.328573
61.177317 96.438285
85.788028 27.902659
77.217880 22.853460
92.923871 26.367248
39.255144 10.086423
49.766370 11.015173
15.101881 73.697081
81.972943 38.519677
14.983206 30.580831
81.730089 24.551383
72.610063 8.816555
6.805482 30.320856
11.749492 67.795023
15.725919 81.445956
5.929993 70.052801
6.606798 58.462372
10.694301 54.511710
77.266962 37.360912
67.942368 21.839169
34.650953 19.896797
25.804356 73.971431
9.038713 74.987481
66.114112 89.114112
1.818739 49.205847
21.231106 32.455892
79.213671 29.269405
42.474225 88.845523
8.144114 66.636379
98.098478 47.595537
21.282877 40.380290
71.770127 74.194332
9.925165 59.700386
38.489540 10.861501
9.214776 70.217340
19.866738 56.200708
29.401262 22.037413
5.833141 27.158225
60.178496 21.431919
27.824011 73.411751
24.318792 20.455013
37.521473 84.598556
29.224391 26.279795
60.494771 9.596790
65.499056 85.244768
69.271134 8.035899
68.926244 25.816653
30.323346 94.768151
14.134554 52.695567
80.134596 55.824387
68.309430 19.900287
88.161000 50.595185
53.775870 85.728001
42.941237 91.061887
71.765194 21.877369
22.149977 23.879747
36.178998 8.937639
34.197424 82.488337
22.202981 13.119037
62.281603 3.755108
38.433275 1.559887
60.219659 90.109939
99.596882 51.318593
4.346463 40.200825
76.474060 78.280461
8.055989 44.771401
27.631089 16.262874
49.081043 19.525930
21.108931 14.707788
88.461249 52.369910
26.926882 15.176900
