200
30.347716 11.039703
22.885297 26.003091
66.523704 83.476440
10.024654 29.352490
17.655906 12.151979
76.323291 81.787242
16.851399 45.863865
1.215637 44.769008
94.732856 41.767285
68.383497 74.001284
65.892131 89.561090
87.023781 54.740564
76.536610 82.094934
42.015020 7.229831
36.849577 5.563362
83.763603 21.597083
53.128158 97.470978
22.428409 62.041096
93.665172 29.077413
59.798420 79.796940
58.486564 79.326952
72.479406 25.330883
51.369421 15.064219
10.723483 79.400782
72.172006 24.154534
13.725275 23.560507
56.493680 14.760458
85.274906 41.286845
95.420150 50.177979
94.075157 28.824015
63.450323 14.305576
64.991408 15.531976
54.459073 81.133633
21.722573 71.690039
47.896155 91.410373
28.718337 14.644157
23.183637 29.123499
31.971091 90.261714
90.309503 24.666303
81.734366 77.839104
76.978608 69.189501
89.301250 23.396087
90.709754 30.162137
97.908127 61.981068
58.618049 5.863028
30.192519 81.048272
1.591579 50.326088
16.146915 34.605298
18.955146 63.345300
80.311421 87.482621
74.811421 77.762741
71.876294 27.430887
31.925874 19.635046
80.450182 25.130866
78.472571 15.225431
74.964269 80.752782
86.118080 69.799418
82.455631 31.533298
75.561263 15.612456
18.128675 39.140545
30.608060 74.125912
3.938719 60.179361
10.610777 78.600946
22.394784 25.158508
44.558216 97.726110
48.907574 16.957908
51.275070 97.909272
36.056088 97.063637
89.438362 28.570676
15.997118 29.440854
54.355772 15.997023
37.228293 8.801080
82.062138 82.626461
31.025014 24.516664
88.432053 43.091948
63.003645 18.443239
23.742642 33.687158
76.892028 35.104672
11.103513 59.876346
97.948374 37.907655
92.160066 68.923936
44.849858 81.196830
4.277048 36.796316
50.548580 3.993763
29.355039 25.532752
66.195813 79.287797
48.799914 12.097261
79.941561 53.004844
65.952246 83.761761
21.739221 64.826539
51.121617 17.274673
14.262348 42.600754
34.590259 16.250102
72.032476 79.811355
40.872764 12.135053
31.339586 3.845402
23.212959 69.991327
42.609092 86.906644
20.344683 23.426320
20.750232 10.129618
39.719655 86.524224
95.098209 44.186561
24.548663 33.465741
4.391955 65.447855
93.740747 31.801055
74.043430 25.938784
55.300123 92.700207
5.465795 56.007846
18.096624 76.361227
13.076904 30.309458
73.239763 7.618039
11.792219 75.380697
86.390378 26.920063
15.817891 53.139612
79.875774 35.367040
65.768054 93.679544
65.076620 22.856122
19.618123 18.456336
24.310043 92.489844
4.907413 41.593312
56.498382 85.440816
24.482053 73.366842
11.233032 27.562698
68.665689 20.569841
5.844073 33.773737
60.451565 8.404839
93.380137 56.216717
64.350382 84.524603
57.809132 15.346826
41.896847 88.024219
81.193001 78.739660
93.615493 54.030868
1.309912 55.283841
19.136079 72.632451
10.840119 26.573507
98.779340 55.482991
78.664058 59.447959
84.264681 34.206080
70.559569 87.551722
85.589373 38.033201
45.235604 16.366336
45.525103 17.695835
74.550072 88.389239
8.344049 68.050963
75.242653 89.714633
61.101123 2.909589
70.616061 95.425392
7.371565 37.123766
50.582825 4.786028
44.977075 83.810391
60.869454 12.696143
55.055757 81.916668
90.724885 36.374054
78.658353 33.811493
78.786462 25.769481
15.528390 44.127144
23.605148 16.644377
65.313535 10.708816
85.345731 52.412411
32.406249 20.582837
74.723083 81.927072
63.331441 11.340813
79.736737 36.139940
87.918059 34.529693
83.548832 13.780806
93.905385 33.306842
55.700358 15.462717
2.826992 38.359782
78.672015 72.650461
22.262116 62.331771
80.534129 32.424492
81.934489 39.096864
83.017583 84.572249
71.554052 87.392799
66.973531 11.454100
48.498038 90.364762
27.510200 72.249660
5.306558 67.746357
50.547218 10.447641
61.502482 78.791646
71.850604 6.660467
78.191567 23.241989
16.261450 61.638254
41.693458 16.901327
61.959287 2.010073
8.573991 22.591369
94.991192 32.245394
25.137478 68.009521
89.018157 22.835759
92.952810 73.213170
17.222901 44.206569
95.223621 60.980871
64.414506 82.913534
31.503355 92.161386
66.399985 95.473622
71.753077 7.218383
53.480804 96.115797
68.098862 19.516842
65.276277 23.557525
79.174892 28.575571
