3000
90.755348 62.627481
86.661122 74.727485
89.906476 15.417768
54.013859 4.180355
81.372921 92.787351
51.923695 35.102442
27.013043 57.573414
94.702612 95.413068
4.364797 66.722603
40.435536 96.798851
45.698677 35.009782
33.236499 74.940025
74.078261 69.793875
61.161072 83.920734
17.854822 57.849750
58.842592 25.274852
34.316384 56.821806
18.319711 32.036061
25.889148 52.159796
9.282865 5.235244
25.275707 17.052733
14.402346 45.837236
39.264094 67.558882
15.930199 25.597646
29.179786 94.967441
19.771654 42.014415
71.326666 56.663455
72.597106 45.160448
96.877180 16.429046
48.208048 10.089299
91.302057 26.871813
58.120951 34.062775
33.140101 89.113601
99.095503 36.433414
88.889788 96.872191
44.034322 84.233513
35.765803 35.647155
40.833218 26.619736
52.149719 89.162885
65.901898 92.800627
71.317834 7.189023
67.279890 74.316074
28.695523 71.897256
76.598984 85.360509
71.731165 80.501966
82.684775 85.831123
11.160794 81.081962
76.327533 19.723303
49.835834 23.737693
25.991770 90.909106
44.705293 99.557478
73.234937 37.303161
86.749820 44.584157
31.915375 50.895418
52.654190 77.096614
81.441840 43.257668
23.771229 61.636260
45.440850 28.709205
12.416354 51.161761
43.696747 70.616879
85.221733 56.874907
24.026484 68.159426
54.128662 47.716870
68.717079 85.078912
60.670222 7.152126
37.218747 11.552565
29.205305 3.060564
19.013613 68.684655
72.154916 29.141668
4.391496 54.319244
72.829615 50.431797
15.332890 9.781494
10.785155 67.135797
6.072993 41.606160
6.945345 84.806837
0.291502 39.282918
35.723206 28.178217
53.180529 19.530844
47.697879 47.313875
47.683743 59.518808
37.249887 18.252039
46.021529 19.457869
16.311986 4.226203
65.747269 46.415667
62.156082 66.406117
1.646520 86.300916
90.782277 81.960505
82.689505 24.259603
67.372174 23.965987
85.723836 79.924073
83.996100 67.840960
59.025235 62.413120
47.046521 3.577650
99.089524 51.260609
34.050936 22.617310
16.538827 80.230235
84.297337 49.231431
34.327861 4.369836
62.644335 78.411611
93.239896 6.714940
99.207872 28.548571
17.682254 97.388221
74.790557 61.709034
83.025548 2.581726
0.601725 45.307351
3.455515 18.600024
91.833494 40.151607
39.428505 49.686113
2.547480 0.253161
53.054946 82.651020
35.553276 98.255971
69.926164 97.685074
11.157461 23.143148
77.644233 9.209383
50.904919 55.457679
93.247739 71.242450
93.841579 33.048893
2.944522 31.164597
65.116163 53.287700
10.363469 97.342708
59.444608 42.546764
87.405219 91.782779
23.004971 23.895046
52.508288 71.552876
10.970601 89.909263
84.659792 34.752728
1.303833 78.953569
26.121193 35.174255
90.086916 54.353072
61.480119 13.415531
24.986940 7.223455
96.607553 80.973280
46.472371 90.477654
75.205375 93.188643
91.413308 20.625466
37.173282 78.257818
99.677554 63.317375
42.569023 12.612867
79.254100 34.287833
11.862206 15.099330
47.244364 77.613070
41.227668 21.314874
98.032685 57.851719
99.870210 2.681893
30.806476 11.580127
79.318373 98.687880
56.725490 95.685452
94.548798 46.109825
81.397808 14.289580
39.557983 62.342017
10.519033 29.331201
89.587894 49.121280
70.244161 17.533051
23.415936 75.772812
42.061496 7.056150
42.888178 45.749641
27.538309 42.034550
31.416806 61.773821
76.187363 76.417480
13.740800 35.080205
16.867103 19.531643
5.180066 94.170086
85.157660 18.537454
49.619159 40.173368
21.055474 89.894504
79.958020 61.190496
99.653479 73.009130
26.730830 85.657867
53.635313 61.689700
33.106217 83.340227
61.688560 98.485071
50.537970 29.812495
7.364699 35.856042
58.591730 1.752167
60.797198 20.143679
86.080082 6.782782
23.525654 81.012111
97.143594 10.620514
98.542735 23.447474
66.252856 8.463257
51.404494 94.983707
8.506954 76.009916
77.537582 1.985871
75.809047 25.495792
16.140662 91.384070
55.383500 9.618976
26.262142 29.002966
82.592416 29.505001
50.732756 14.764719
65.663947 31.177684
17.149466 62.936336
64.356397 88.009558
0.006472 58.351354
49.451478 66.489138
3.780028 71.707405
66.627250 63.798135
30.966066 38.270104
90.258716 1.668882
6.857661 59.806344
62.228327 72.049328
24.599501 97.531800
66.603390 36.667043
6.145230 9.263343
0.342144 99.518389
45.451891 53.174386
69.621082 1.753459
19.897136 48.393715
62.703876 58.229820
94.158959 87.628485
13.216870 72.580510
40.168997 0.798545
30.630445 17.769834
72.648067 12.332424
58.087756 51.402696
1.145583 12.360965
85.744985 62.169537
56.077169 38.775644
21.863752 0.627246
41.471657 91.809633
41.119319 37.795210
79.523132 51.487775
37.822256 87.174707
99.354014 85.446322
57.293863 73.219953
12.043839 61.233928
31.089588 30.756994
18.957546 14.408114
42.232638 57.622527
35.204623 44.919036
28.752991 79.741721
2.749695 5.484725
33.869578 67.119947
58.977191 91.138801
92.468423 76.429271
17.304123 85.552089
39.778519 31.715250
99.595095 98.020138
98.120308 91.175921
25.073527 46.885031
7.313981 48.981338
80.035633 72.297376
55.839698 14.937523
97.625314 41.866877
57.633703 80.302151
11.037060 40.085959
28.566014 24.169374
0.135241 24.721089
78.786484 66.654462
18.362813 75.161038
55.316600 66.992225
42.083359 76.465358
56.349571 56.844057
89.201013 86.888339
0.074163 93.630742
80.770817 78.543666
76.858344 55.908153
0.042959 50.938111
64.198904 3.544544
21.269267 36.848903
89.179629 67.626165
67.131223 68.954751
44.445354 64.373135
84.469126 99.470023
64.445749 41.486074
5.899944 24.284924
96.128673 66.903567
38.020797 73.126003
88.660791 31.458104
11.949456 0.475422
76.434744 41.171940
53.272324 99.915578
71.994404 88.957277
77.611728 46.838746
11.702397 56.210675
55.653444 29.159544
6.792374 14.721612
20.889360 53.309929
36.580288 93.271527
65.222068 17.654938
0.165031 63.507519
95.248189 0.468725
23.783563 12.280418
69.797023 40.999062
5.686634 99.329625
30.506235 99.916086
50.774393 0.240989
86.647480 39.489037
56.436222 86.341516
28.822950 66.442332
89.576540 10.361730
24.449979 35.438727
47.263082 34.523941
54.999113 37.961090
70.960823 42.076137
21.724761 87.196482
29.434821 73.066803
49.653720 16.178300
46.369093 51.655350
41.277635 94.432367
58.861843 15.205678
42.159338 79.082785
74.798888 17.785334
92.775552 21.545538
81.936593 91.593170
64.837258 51.477307
48.304409 26.744574
74.470731 91.404953
61.060154 22.578492
49.504873 67.502135
43.767721 52.290790
47.690025 8.782720
72.175343 37.787362
28.275146 62.869045
6.565273 11.096319
70.731666 96.776624
15.416744 11.503235
2.314035 3.842891
72.652624 5.384071
55.919487 49.538271
88.649753 0.527349
19.236489 38.085402
70.222013 3.870182
35.145069 17.905385
11.208603 34.106858
74.102234 8.021201
6.244096 49.896344
24.927441 12.450380
37.958792 43.578663
19.304843 78.819384
5.492004 80.006697
54.446875 78.856204
92.929631 50.921064
86.209434 78.926799
26.513896 46.666297
88.254332 53.450975
66.204904 30.359482
51.805729 13.461292
73.745423 48.544824
98.132769 68.188226
35.316855 46.831644
18.878858 73.843439
83.665453 79.464500
7.895769 80.180907
61.390453 31.316782
47.006193 98.530409
5.354567 74.826992
63.027529 76.188165
82.606092 62.841221
69.994077 29.592491
55.974230 55.282704
88.348711 32.595252
23.886773 7.750333
57.522951 0.581586
72.073697 6.106849
15.023477 50.023031
35.524526 55.158626
14.262689 48.140098
28.565554 52.494933
5.560367 35.053233
85.286242 18.245529
40.410074 78.874273
35.364724 12.181613
71.483049 29.667950
9.365669 86.260242
35.461018 77.364117
70.584086 36.405450
72.974318 43.111219
83.018515 29.214902
72.106056 73.091094
83.195936 98.690508
88.846390 98.025119
75.157905 69.497887
97.374047 79.879087
54.809212 42.728404
88.450189 25.334352
48.681058 75.868365
99.942549 25.236071
69.734534 50.726731
52.706722 85.333896
12.066010 15.379431
37.884782 63.230092
12.431045 39.094632
43.315827 75.390829
65.581035 48.058409
24.349929 29.549899
67.724224 24.884358
62.286945 28.092897
61.294507 4.170243
77.004737 76.804077
57.118926 59.076092
27.069362 67.979261
9.066506 64.665259
16.088843 89.698507
84.093106 87.802056
79.959075 64.498206
51.363685 46.968526
32.447244 36.593990
14.634819 29.147291
37.743675 31.527751
20.828748 86.532781
80.251219 32.519327
64.143525 57.467670
91.093700 65.195272
91.960079 54.351112
9.817834 66.469894
96.282306 74.815909
84.563520 45.244380
52.459934 64.806009
22.260169 96.995702
60.573431 19.591967
83.358376 65.378967
59.937233 53.506295
86.975388 52.300915
10.877502 17.962675
59.476293 37.441908
99.669093 51.940946
11.542514 85.759430
35.640773 6.740208
44.200639 16.271639
28.033141 60.843427
58.900347 16.757565
36.507637 9.530321
17.126017 4.256676
80.792017 26.995072
15.081519 11.038339
66.981122 15.635605
37.529899 13.323561
82.453376 74.249823
67.271752 57.717773
5.330235 92.387916
94.746132 96.098679
12.112064 95.480428
66.268004 30.914879
72.004046 3.182095
73.016331 74.950793
79.863815 36.954817
85.514926 97.211926
97.300541 49.862759
91.836276 3.337972
28.012681 1.527242
88.324862 42.992274
81.912124 82.040298
32.631429 6.380948
92.370235 13.768178
58.109365 22.265555
62.093981 68.827146
36.480880 69.460786
15.997082 81.159231
76.738947 99.939729
39.682507 8.254706
69.306755 48.514179
89.827455 76.526974
13.944602 43.368979
20.686209 66.446724
35.481473 60.637842
89.728980 90.504073
5.809881 86.466270
95.866882 15.429335
40.021324 57.764260
13.941844 15.504418
56.161970 54.232822
19.755459 63.407513
16.480497 44.221292
69.879659 17.592797
46.492477 6.199964
13.705977 88.114142
57.866842 30.042880
54.338739 35.825180
9.272837 35.662977
90.387722 91.766522
19.179632 60.855758
13.153147 8.892583
28.747356 13.088722
98.545768 81.222345
85.140378 38.169500
38.157927 54.754520
73.369206 90.763473
52.822335 23.867633
63.214033 97.886247
66.928942 62.262735
21.600599 67.633304
24.956461 55.116275
84.476383 69.786402
60.689865 76.919279
37.811774 47.820258
72.686268 41.039093
80.501184 37.949867
30.345093 70.648179
54.193981 67.313639
43.586937 55.277339
90.364185 25.918858
72.854531 2.059434
12.274624 45.137535
15.320244 10.689265
2.281880 25.975488
13.361784 92.022395
19.759134 14.550147
59.376953 55.337912
15.142211 31.754877
30.592203 17.760246
78.850387 80.195348
4.489539 77.604318
26.421637 61.704566
80.518227 37.551517
96.797964 74.807028
23.530549 77.897703
57.364337 56.198161
27.950856 59.361501
89.533706 97.772781
76.117742 25.885665
87.654423 7.873206
30.681689 6.493445
91.066616 93.635449
88.676955 47.143189
0.816649 93.880431
36.523411 89.992782
6.387202 78.488735
79.941467 15.513364
47.464709 36.268308
56.068075 33.050297
75.233636 57.597762
97.447731 44.613042
17.724735 96.908780
45.048087 97.291583
65.705055 80.394247
11.635883 71.837955
46.729190 72.905107
91.113322 3.242845
85.813620 15.416055
45.769573 51.799867
6.706021 29.787640
20.032571 68.701671
69.700177 50.686263
2.919644 88.001720
60.774138 28.226249
21.346448 62.016009
25.507171 49.049072
12.459599 64.803763
59.363566 69.847729
89.310582 92.171970
14.519061 81.451226
86.840581 70.674359
46.095815 63.021631
66.931825 13.432436
27.996937 60.395141
19.750163 95.185198
52.596386 10.317356
69.299182 84.976281
65.138383 85.055264
58.720238 48.801384
10.875290 73.197195
99.986361 95.075628
62.663118 28.156835
67.599749 24.603211
64.654507 37.292245
66.759477 30.647051
27.967937 79.864776
32.760187 37.752097
96.839930 11.534446
84.733911 1.519077
50.057348 94.458647
92.895180 46.721149
29.354648 47.931963
72.780881 2.407297
55.693670 81.418408
72.611158 91.920242
34.021663 45.842795
14.191906 22.505068
55.781105 1.447543
94.830465 42.405328
26.127132 32.638934
3.188974 58.575888
27.004596 76.466597
17.656381 34.190378
2.329544 20.088933
14.069611 17.974160
40.603458 50.323775
3.231784 96.377151
48.705585 98.254277
21.836394 22.285781
38.837310 1.729455
51.468665 18.821321
33.125405 18.361941
10.791919 12.783531
5.097457 24.205260
41.319149 91.565046
24.708195 19.787999
68.699957 98.242714
75.433453 74.571936
58.030452 69.629702
29.596138 28.109285
15.635859 42.328660
30.683222 29.754844
37.640059 72.286280
37.897745 82.232908
28.083094 51.198825
1.431412 29.314326
23.408395 9.406873
89.493421 37.090274
99.769201 82.602384
91.241155 6.260187
55.516073 65.476436
47.302671 14.494273
27.623921 31.173253
72.697623 33.451793
11.968073 94.874735
89.657874 64.060043
20.197480 61.666174
81.503748 75.881828
83.026087 54.538456
20.511799 71.123739
18.998917 94.574388
15.893587 85.413792
43.975742 85.179769
29.880405 26.030325
68.380231 21.896488
36.697433 40.965526
61.364943 99.224607
26.815790 73.756506
8.430699 76.087156
1.756635 61.916802
83.436867 53.095322
51.838635 41.972922
59.443019 87.439321
84.866054 9.722388
75.418370 9.501485
15.457151 69.995389
1.542858 82.321155
30.137694 75.189468
8.903317 39.485425
61.255126 12.842089
38.403643 16.158819
24.288525 78.943128
47.323013 76.557383
52.541138 99.105748
60.306377 82.576179
3.798241 82.891863
50.971289 57.421406
11.689172 66.448062
68.314894 3.375414
81.067359 9.717759
93.474672 86.888536
57.415241 19.181510
50.579408 28.982549
86.295082 43.486505
5.938704 58.290781
15.440340 76.763182
42.219020 82.735667
18.058244 57.593957
27.308192 47.276992
58.877286 84.979590
42.990627 88.644535
61.042269 74.701153
12.560664 9.461315
34.457108 30.871593
95.868464 92.403468
89.131764 51.579126
71.088585 72.371340
75.251305 69.357247
75.125410 82.595213
5.338629 66.191055
94.562588 46.335802
89.994802 13.842570
42.005104 0.947147
42.348082 73.792049
8.898387 62.176523
30.955688 90.920517
24.146652 53.376386
45.507226 25.274930
60.446379 71.609049
35.487793 57.600208
1.411394 44.626855
15.507449 72.079990
35.635420 91.277077
44.321597 39.346361
56.167585 60.270434
0.448800 91.315590
35.497472 39.145844
77.774466 69.072560
99.066599 36.464176
58.614076 96.992784
69.177834 10.040014
22.403833 41.742678
43.196959 96.034709
63.488886 37.268598
74.927677 11.493053
50.051783 97.969495
65.055676 83.759787
39.320165 88.013114
89.394578 85.359954
43.927021 79.891784
3.697988 72.260812
27.542884 92.804153
2.269221 37.737524
70.968638 3.574262
63.893358 47.515481
57.955859 70.510183
37.475708 28.683464
65.403948 55.531691
36.347810 77.038690
61.365042 86.467725
96.985001 49.138178
32.531276 79.326520
50.182847 21.440813
95.867461 16.169885
20.407858 98.647112
57.100908 8.881672
58.068166 41.782943
21.600047 60.566995
27.861750 64.349838
50.485765 66.138249
9.196773 28.341020
96.605186 15.342820
92.741125 27.433712
48.068468 29.590694
46.660143 4.522034
43.093882 84.752009
62.552770 92.467805
45.777726 45.505054
71.283791 52.662854
45.613654 68.833876
49.565251 35.591170
53.387071 55.222528
70.664042 9.992999
39.533884 20.235859
52.109663 15.291337
2.711123 47.731681
73.546952 62.999696
22.893094 82.307484
49.268108 82.506910
77.535875 69.393727
52.828369 54.241855
95.653554 97.613818
38.283426 11.902278
62.547234 87.465438
18.697617 1.135847
28.367301 8.465662
56.298521 44.631197
22.492752 25.079712
26.018862 56.951299
65.553447 55.918660
65.659670 19.778035
92.523541 82.187979
75.939957 10.119755
68.007359 80.302653
88.593899 42.664726
28.476942 66.219504
84.263723 22.443769
63.133015 92.030785
19.813106 3.571825
25.758486 97.659867
23.210488 78.786604
10.510403 75.577058
63.455707 71.461492
57.659037 98.864330
43.911666 34.157781
58.128927 74.380980
21.995050 94.800251
5.379813 36.673787
10.118025 8.217719
79.983390 44.169523
79.681514 2.474692
78.703739 21.775721
80.727296 16.146145
55.844309 97.982817
96.620373 15.840631
25.105250 27.780902
63.854258 67.666329
39.771521 57.697817
18.852778 65.636687
88.544805 88.631362
42.358899 42.030879
97.106836 87.009567
76.482277 91.796871
27.132788 14.709745
58.990389 96.237456
95.121763 74.203633
69.378460 90.027988
77.129634 22.397871
43.563801 25.901144
8.722425 24.611326
0.706262 54.240442
68.029433 0.187019
87.229689 84.338123
58.497603 69.052883
32.012571 68.669128
25.195760 93.271090
95.682100 84.244370
9.652903 31.020703
19.994531 31.931065
3.504312 83.683141
78.777744 93.690537
14.423076 36.299059
0.115908 27.949483
97.119045 76.122361
78.150596 44.762827
29.706835 52.179502
87.555859 69.831188
52.882028 35.724722
30.222665 77.840973
70.190405 24.615589
55.156981 32.008456
12.823007 38.589423
31.862223 97.232415
54.339487 87.170027
32.484638 6.033727
9.461623 76.311037
34.277479 92.973481
50.295625 74.135932
83.525628 70.475038
47.210335 31.411581
70.722282 46.454784
14.049723 27.082683
78.372844 94.005628
50.495226 87.841472
73.177912 11.334760
70.886760 11.559046
45.525710 42.065567
10.261641 49.472482
18.983816 15.229996
12.799430 24.362300
49.342142 10.806843
34.115493 40.183654
19.812494 3.660557
31.834152 34.378750
39.272276 58.305550
61.205950 46.133586
71.015890 7.600516
58.737397 42.737035
95.639839 20.005567
33.548391 77.165180
8.997571 54.644871
75.320533 96.956326
64.509271 5.038900
63.582889 39.857030
44.862756 7.640828
34.291514 74.878392
16.068889 85.248693
19.463467 39.144086
26.486679 86.498012
84.217928 62.954341
43.849091 42.813650
36.934710 75.557854
62.379409 30.557571
49.736204 36.867104
49.129719 65.526136
32.021508 83.430010
68.805775 41.312410
49.538590 97.797644
9.675706 65.541848
96.139003 44.928092
50.809904 2.146551
43.572318 44.801877
46.331722 9.754431
28.151396 19.665705
84.009599 77.358475
56.461725 59.428444
66.046635 40.303487
6.798528 47.422390
83.505943 80.853840
71.723836 39.441772
91.076456 97.133409
3.331773 66.348373
14.020039 86.207212
32.983511 72.111522
3.435140 1.043988
58.331026 14.063844
75.340088 23.879417
79.736244 20.036364
59.330167 92.882678
93.662053 89.004143
24.376079 5.079809
95.471005 81.886925
47.043336 80.923243
29.817286 6.437420
86.866072 4.321524
56.823407 29.685267
73.884329 10.963450
63.128993 15.237682
99.000585 91.208227
60.014307 3.459796
35.168107 51.742023
99.417652 20.178190
30.199098 38.687819
84.423759 73.257280
80.848979 54.470490
31.156859 72.045226
95.784386 54.726400
99.608639 49.061138
13.880092 40.833585
92.148923 87.088624
80.542652 92.895865
51.922263 12.473808
22.477238 51.305258
63.398528 12.801936
84.158205 13.662879
70.135694 50.311521
58.190666 20.637437
29.660969 77.502332
42.967748 85.042497
80.349706 1.981550
46.332376 59.559390
61.007160 74.726431
78.411949 38.352071
79.507894 3.893805
48.164547 49.435003
47.431409 6.260006
90.700027 30.941059
37.828792 53.522835
69.703749 55.951019
51.997774 88.129710
23.320603 88.461657
10.230137 57.674505
38.270695 2.126006
58.598442 94.201846
81.815062 45.625254
10.330316 18.564594
89.127608 51.562367
88.304024 89.989849
64.850401 48.046631
39.876882 33.661868
64.771800 81.437058
28.991927 34.605270
95.052397 69.221739
79.424660 25.238076
33.209799 45.583962
29.256388 62.254480
66.471575 50.349476
44.604000 62.142437
11.414992 61.344404
15.276872 1.620445
23.857906 69.818472
11.434478 17.736379
2.277078 32.926715
39.441454 4.436316
83.635993 57.300448
91.277036 66.322579
27.705945 22.932357
35.007063 14.553382
67.869997 25.965533
11.036484 5.071967
55.712438 4.895507
68.758964 30.956226
27.060309 20.094591
9.327503 84.435205
89.089076 3.482807
24.857111 44.652439
50.374818 38.537334
78.464178 67.986018
49.402370 30.797411
92.347752 2.600901
40.899126 80.441118
10.403446 37.678019
54.466663 23.410423
67.050805 22.439305
13.872672 85.899348
86.833965 13.393646
52.500559 85.352054
83.636407 25.300010
43.703054 63.969599
56.584261 0.849722
40.588387 93.810041
58.692781 12.815486
64.486497 95.196952
74.288915 2.687531
51.844960 51.636219
25.523818 51.477921
10.027417 9.032968
36.688207 56.744204
25.030563 25.097740
76.810834 45.266324
30.848672 8.612566
8.802970 56.768451
69.512125 80.788193
73.275775 64.661553
47.949384 60.481574
75.093102 91.823852
98.079084 83.444834
66.216936 1.092767
21.949916 10.497339
35.536823 27.323697
74.702600 92.076839
57.981277 44.290164
32.088211 23.712248
0.606392 55.385432
78.034125 66.314083
21.713770 25.671003
94.272522 21.156058
26.664548 45.243116
13.944792 50.716818
54.019389 67.069649
15.911484 9.785501
34.725891 99.926458
37.863048 73.618776
82.011590 31.903358
86.843005 23.414226
25.735036 44.488516
63.772256 68.193146
90.814490 4.400897
87.748205 67.801974
5.712353 13.693673
62.703959 13.964435
31.566802 31.248607
38.088363 79.746387
40.918136 47.213161
79.060538 5.539139
72.873219 0.893602
16.433322 68.289781
50.572162 72.031627
25.090229 46.431418
34.462447 79.515066
27.379826 48.636395
9.901078 43.716460
19.373062 20.271501
74.925314 87.410320
51.796079 37.503624
95.854764 32.258930
94.608710 24.767438
34.849064 95.291596
70.481771 80.746742
36.228287 42.769794
20.931700 98.391345
12.443667 62.543597
26.238299 87.714576
77.947949 39.689327
90.682243 10.327097
66.000195 65.062663
90.422224 63.466659
97.704713 52.594599
57.352034 24.131763
72.009003 96.128253
20.245853 97.433422
15.529141 21.425123
15.714000 27.129156
7.331598 41.106242
55.626752 99.770940
92.338130 71.871127
82.280656 70.462855
0.098484 86.092070
61.758072 15.541657
5.653365 89.801146
90.543658 31.308801
22.530621 54.080194
44.573084 5.895103
91.018382 13.517812
69.263071 18.344988
19.084023 39.125680
40.488825 37.062009
19.482998 7.654065
60.926178 34.595604
88.806793 81.612116
85.774607 53.026744
44.103689 97.073567
89.259086 42.604082
12.334610 15.906319
38.944371 77.684905
25.980608 11.784848
74.984208 83.755568
36.272699 3.440236
74.344507 8.468562
68.987354 60.491296
63.674693 81.703958
42.031754 71.626898
42.767783 93.380499
86.168182 30.534268
70.768732 53.960391
65.347240 89.600668
52.088316 51.935073
64.353931 12.772668
29.622386 34.171836
3.708054 1.973890
10.317027 59.573053
18.572996 28.184390
50.155977 95.194434
45.165915 94.405644
0.867185 96.355282
37.474107 0.933698
24.445987 46.121088
30.550882 17.216927
91.299324 84.553988
77.397846 58.797316
27.063308 9.956043
70.386318 75.453877
16.714541 85.562680
80.124977 49.057633
14.491126 39.372494
11.990703 41.409262
76.365014 71.609788
11.043744 56.602121
76.692353 43.891709
18.836809 67.241944
1.266388 99.962119
0.709426 62.141850
66.826147 41.659601
82.500238 86.227392
50.206114 72.163367
56.125250 20.034349
99.610202 56.463761
46.351268 98.888616
91.069980 11.577614
91.087208 88.836843
19.839907 19.847612
76.109447 31.624958
24.695070 40.013246
98.663230 81.040638
60.420275 61.600372
12.423799 0.544424
68.373711 10.463480
41.682282 68.712003
74.074774 60.204204
67.908375 98.768432
98.267558 8.187842
7.817772 86.361719
51.776031 32.843795
28.387307 96.920218
27.305957 47.158430
44.946176 62.054748
21.514450 65.976495
82.049491 78.816323
83.211317 83.440794
0.757003 60.545759
51.931065 28.855876
11.143789 54.819441
45.955273 42.544152
70.547903 92.113588
45.920458 91.491728
66.253335 17.577194
20.909384 72.784980
89.771172 1.574750
82.023745 41.729887
66.452899 95.425509
73.221081 78.291488
69.844456 20.532451
24.800986 4.722491
47.143145 41.743984
37.819757 80.692332
86.152798 72.852609
15.040167 69.047938
96.388486 42.904035
78.539447 2.642177
57.761720 37.086190
49.940241 97.147513
95.918696 72.524386
95.108586 65.706691
93.598727 52.992802
36.579526 27.769214
86.321912 70.051391
86.534860 67.232471
4.118674 81.364791
48.743416 41.109458
12.652688 40.446205
0.167337 76.279387
13.385421 54.933871
2.227342 24.309684
21.160532 39.366074
35.302428 45.913907
6.101610 38.060532
47.221620 65.077436
41.567879 70.899288
26.403008 34.744061
96.863463 27.687994
67.798132 72.325431
66.683756 6.230189
94.435678 1.471142
70.408759 59.212884
44.816303 66.238646
66.501157 52.792693
57.968913 61.364845
18.764537 51.529998
59.085163 21.781768
45.713763 51.032980
53.563053 48.793955
49.804584 80.132033
63.861611 89.734218
41.033114 24.577266
67.133975 67.955567
32.571541 0.504383
9.026640 30.465663
27.314553 97.734996
43.631233 81.418315
7.419985 79.152164
16.057822 71.544093
57.927258 73.354938
53.327870 16.855179
61.802514 79.714409
96.524356 51.348931
95.733839 96.591631
31.524567 66.819710
67.033113 9.888368
60.546714 68.733838
12.626645 12.420143
57.178994 43.209271
49.886801 96.555517
77.211755 4.113139
75.341544 34.247060
74.219460 69.018994
40.228923 78.064679
95.164351 17.326700
60.795791 26.966758
45.424606 99.769528
95.069441 39.453796
99.346203 73.169192
80.320930 73.168359
76.181792 8.682417
63.660830 97.926190
52.083931 97.021369
64.435495 0.642311
98.815446 91.886610
37.606953 61.270483
10.616996 69.432894
52.003072 3.702044
12.054302 29.195377
16.088429 30.010440
16.916882 50.277897
23.116315 91.189042
98.163422 72.278338
61.190785 99.387883
94.022909 27.330595
44.635945 96.358247
64.818195 76.030254
42.122593 89.210491
90.870485 43.300538
78.409429 93.901009
5.761749 10.234585
17.074915 84.028080
98.595441 47.360442
56.771886 2.500202
49.304414 0.862489
50.772744 57.812477
61.261569 85.807681
33.245812 61.857617
12.891442 30.094871
30.681335 16.463876
33.246267 9.578786
36.463343 46.634058
80.527683 80.920697
72.340623 19.549851
76.867911 90.472898
91.266336 73.400722
42.477000 15.170012
9.150853 46.728571
42.369939 10.399225
97.046686 74.168342
99.512748 81.270564
75.434837 30.933489
81.164524 2.765194
80.622622 93.822281
31.600804 15.294532
53.020684 31.777621
50.682288 19.124468
49.449466 6.575606
81.251725 18.145748
52.847480 18.037545
61.457404 7.732610
51.777916 40.651445
24.903714 43.438725
11.003706 81.947484
80.455788 88.471024
87.416982 56.172314
6.513058 51.224770
94.303394 68.597388
35.154488 43.501930
37.843589 83.791242
3.096068 3.606164
92.300978 97.944338
78.477474 66.607256
95.605655 39.316233
15.481534 84.990802
16.868012 62.384442
11.909310 23.959724
42.266438 74.558701
59.551927 21.425464
91.840193 6.496419
7.992299 12.071813
49.717310 41.995056
50.157069 55.475567
9.469790 99.803271
83.600397 31.077188
69.335039 99.772691
0.849417 77.843660
9.565693 37.381627
90.385610 38.185370
42.442654 5.115172
84.853935 32.044044
52.164239 33.049358
58.187442 99.677306
66.638454 44.486127
81.025969 47.366969
14.859860 39.053437
14.748232 72.419537
92.821119 16.250923
24.004912 52.749483
79.721679 59.272545
29.516554 75.429612
97.925774 69.307044
31.424471 27.605898
32.354521 89.589890
0.213296 52.961303
26.145815 58.753916
71.846295 12.623501
9.522708 18.336266
62.267006 68.349873
87.016565 53.873091
63.089251 63.814905
4.976717 67.293488
87.630728 54.919654
61.611740 65.769446
8.992762 31.068478
59.475535 8.608844
64.650138 75.803376
74.435361 46.647963
92.698612 35.756125
30.621976 95.647392
72.997467 74.114716
33.519209 43.175516
5.648616 34.030486
3.979934 1.923932
36.201500 52.113050
8.694667 78.785888
19.234216 54.883597
81.220205 67.568188
89.149246 1.819994
51.128462 63.066415
37.295880 5.367194
87.318817 87.645489
36.529748 64.077097
1.955371 82.801830
2.563366 83.594083
11.064326 86.746368
10.447333 44.076460
52.649698 9.400673
67.835278 8.616869
58.050738 87.823807
57.986485 13.537799
49.431110 87.839918
8.591511 97.654890
98.302469 52.406346
99.054004 25.563163
86.215951 41.447330
52.515675 26.046917
82.335939 37.521584
92.770977 57.528085
57.377771 7.938156
48.268104 57.278138
62.574190 18.333124
57.613944 8.053204
75.116282 7.165510
34.512691 71.175180
65.283090 19.670395
98.037085 92.820799
56.030730 23.721140
50.253857 89.056613
42.077404 70.989171
94.770971 67.140633
16.441985 16.362496
9.656382 60.369687
47.234018 96.200030
96.268244 10.544487
63.064539 67.557530
80.968038 19.543382
13.538697 6.368039
90.100853 32.191925
41.574194 73.552584
49.770859 75.472633
75.152241 62.791475
42.064913 64.372613
68.904805 27.079733
94.097448 33.008465
64.954617 61.321605
23.950656 24.619343
84.745710 11.440886
24.484724 47.948460
89.292046 71.804662
84.328957 47.777923
88.132333 83.772248
76.057354 58.258911
92.366945 3.073101
55.398841 84.946666
67.485745 57.317769
58.531855 8.430522
16.772352 49.298332
85.003562 22.040247
65.585660 23.427077
15.342870 15.379027
78.027713 34.607110
76.417538 67.530896
11.870648 41.556587
82.492873 18.933411
96.768173 30.625080
83.555253 40.487655
29.836867 52.975047
23.602214 35.759099
14.446925 57.083533
34.332376 8.339290
19.262622 18.033039
38.872020 81.169003
77.041119 91.797179
97.384699 45.118705
47.541089 28.005971
96.158680 95.274921
65.397147 2.486431
41.284673 22.229264
5.411425 34.181779
41.631593 26.973317
45.413547 43.797000
6.391935 72.262079
70.879687 37.640234
71.004321 70.807933
21.678657 19.497966
90.252611 70.266039
82.088587 72.677706
37.984436 31.920624
38.606803 17.157166
83.057040 38.261871
91.146492 10.873017
31.622591 97.649558
5.539840 24.790371
44.574754 21.492043
47.871007 50.939016
33.789092 64.782992
53.666130 12.173900
82.318347 41.788493
1.018979 20.356401
36.711267 31.172307
69.931094 43.266954
91.310029 36.928217
15.594459 44.593410
75.812442 37.307440
85.354540 81.737719
7.878395 60.086492
73.966541 27.863427
90.350972 21.539282
18.864272 77.287369
25.869171 45.501871
21.067938 65.813828
97.629710 20.251797
59.557111 90.466800
44.512751 65.535721
74.097900 72.597171
23.461457 36.351710
34.264585 73.123960
55.622827 7.809446
15.409388 24.708272
45.638215 81.639639
4.542330 95.423832
78.648612 87.284619
79.971249 72.348388
11.159977 9.572197
98.277480 6.954421
5.590689 61.471243
79.599696 94.682905
32.218397 10.191220
31.939322 41.777654
60.892674 61.186918
9.394848 85.327087
55.376250 26.952002
53.907299 15.432407
11.747032 6.377219
62.054073 10.717586
13.048161 42.905836
85.063189 44.128233
22.589019 18.901833
59.851060 25.996887
89.812253 67.008682
64.520438 42.853196
86.079047 17.050133
50.012591 52.135321
27.803274 79.864386
12.103800 42.991980
25.697829 0.352323
74.186041 62.170159
26.139900 39.408586
51.727223 32.737030
87.163927 73.161899
71.016949 49.526982
70.854496 67.918673
91.272795 91.589467
29.481608 59.177026
73.648876 99.972769
77.500143 24.578848
91.718865 69.245098
91.282468 53.680126
60.425715 82.536598
19.777528 20.295532
87.176256 79.387617
88.466523 12.567616
14.173872 50.270425
72.945902 71.376259
73.070532 26.996085
99.203050 89.852130
65.894609 2.726824
3.555435 36.254812
26.800487 44.047164
41.490644 34.688016
33.289891 52.985508
99.164408 72.992473
40.578235 63.908281
44.322314 49.715198
59.389756 77.655843
31.452283 89.506925
43.993102 10.633497
15.144636 26.030555
76.297656 95.823196
83.337268 58.655408
5.788721 27.130736
68.179097 51.115413
36.841197 68.072064
80.165662 60.812415
14.641060 99.128918
61.707142 94.330470
66.963240 1.223953
2.770278 82.264095
52.465565 48.144920
80.919316 66.647315
87.046525 65.659638
1.751646 80.977615
34.623718 84.698101
54.890678 84.173770
46.817253 15.540922
20.348614 34.905332
47.078682 20.713743
32.700581 81.475072
89.797649 69.585591
81.370699 80.196723
29.837476 47.548071
7.056843 81.792971
60.055309 62.025492
72.020594 24.850624
1.492442 22.300881
29.684772 29.286813
60.554834 52.172720
77.650298 53.705348
74.470140 41.722734
68.598129 22.576164
79.224474 49.971013
85.040235 25.942676
1.171772 8.488772
16.645960 27.841063
79.545429 92.850472
53.470832 70.560933
54.669779 28.424528
52.681517 55.622925
12.127815 51.019668
13.194719 89.459084
29.000407 26.856311
71.394242 83.563427
63.190928 5.379485
25.572361 93.411145
50.387222 70.876450
91.837431 30.034241
7.925841 15.439677
60.160925 96.400959
98.595597 16.345344
38.023308 67.905801
61.447841 94.749150
9.588579 88.557814
86.289768 72.071288
9.388651 44.812290
60.846302 73.129390
36.054493 76.677333
66.238946 75.884975
14.570836 80.371385
59.038347 56.061245
13.019584 36.351827
84.924643 79.249791
91.255048 73.630869
26.985790 88.833169
31.789166 71.867287
92.941123 80.492831
17.900937 4.076250
60.878210 67.846984
4.990734 49.671598
19.004930 90.136976
65.730526 6.790383
8.283137 51.376835
59.102934 89.393133
1.495352 78.999139
51.172523 26.697813
37.355913 30.432291
11.937368 85.551361
48.113771 29.630846
45.928285 60.840332
15.910137 20.226538
4.643096 64.844266
45.441806 39.956100
40.350092 14.731592
92.157841 52.271941
61.579744 37.706388
45.284367 5.255541
95.573230 12.331004
76.267400 39.422462
28.673291 67.832416
60.020395 0.375423
38.391710 82.670074
66.643840 18.119026
5.679305 4.143334
23.268223 77.112800
78.311401 61.856270
82.597557 2.618185
72.969743 15.826822
20.088308 59.121336
12.495261 0.101444
34.956645 84.643223
84.848097 94.651630
18.429071 8.114095
81.676383 52.595839
76.049853 75.297103
38.015903 73.011870
75.777778 58.990522
99.843947 6.691630
44.765757 40.235185
21.785946 53.614154
17.794153 63.930030
26.938736 96.573540
58.956054 14.055884
51.017964 13.121765
63.271173 60.349450
85.229830 57.376345
70.564231 84.535307
12.539406 53.589974
97.224947 20.491297
28.191427 11.371401
39.475008 66.945652
1.804479 2.078543
69.708300 34.459222
42.852050 89.170544
36.947982 76.022589
39.359845 84.348332
6.508923 81.687597
33.331964 0.131429
71.014673 49.350431
73.781520 18.084996
18.321143 46.486677
32.785335 6.205776
97.765507 17.689738
5.286283 51.920705
8.089711 20.768168
6.711020 66.521272
9.861770 14.159381
89.364263 34.847955
85.995974 16.064433
77.335394 54.365338
49.195859 98.000315
35.300355 24.231831
35.596501 0.309166
37.180310 15.956750
96.065066 68.246978
35.535456 60.304085
87.836809 64.647901
19.652723 66.265505
69.006565 4.878142
7.575443 0.664360
35.374122 11.312997
56.042715 69.891934
95.887330 21.701561
83.478455 71.782346
88.039536 31.749707
61.129157 0.741103
88.493893 90.046982
97.923181 59.363091
3.947324 65.915783
56.654269 34.978733
60.642483 51.673697
88.384731 57.799300
74.622665 61.274483
9.920813 46.732621
20.637960 8.337278
93.358644 19.503590
65.427255 72.359114
38.516410 30.162594
62.849549 34.110842
80.261856 39.266054
78.952431 62.197122
3.083712 70.013469
34.126686 38.081801
27.973033 36.425046
37.155151 36.697224
2.834826 63.204050
35.449535 52.875927
7.924746 21.594395
0.743328 43.623074
56.710062 38.670692
51.843596 37.574541
57.687250 95.636674
36.477530 24.047177
62.238855 28.123629
61.305651 87.021045
86.959749 26.320058
65.203774 56.152278
66.962520 6.986944
23.673855 71.047076
20.357126 71.361346
33.158984 85.616315
98.242173 66.483285
76.446089 0.314088
51.438819 89.211595
19.343566 11.250108
24.971654 66.217041
80.421013 97.801634
94.537400 23.614562
14.741223 86.919583
4.069031 45.659948
69.294900 21.806773
98.331187 30.109570
4.233077 54.315069
60.226665 45.864407
66.882188 66.801607
36.372989 28.951625
96.204169 44.652385
42.496572 80.133481
69.251378 67.889430
34.385646 94.740745
2.432568 12.960153
40.487703 7.775132
61.058990 93.073557
64.863347 4.350648
47.205355 63.136089
90.214161 40.846652
40.574302 82.970025
24.236877 70.084848
83.739743 48.087887
88.781281 94.460704
28.186773 42.650268
11.306167 54.469007
54.262446 29.229556
26.527678 43.696844
4.971914 32.936181
4.930390 67.018222
70.521921 55.365161
6.507759 84.085565
80.009921 81.934283
9.964107 30.753182
2.089545 65.267829
65.844421 17.686263
82.921843 97.524261
60.236959 5.343419
94.060583 89.269365
9.226957 93.545121
18.940360 65.384282
71.743329 79.534723
84.633732 39.809542
40.493653 19.363583
95.253960 49.705503
40.297813 9.822064
55.359643 72.863138
98.776774 79.925923
59.482652 19.460837
34.149604 2.865558
64.222823 11.841321
23.897908 87.798608
50.033661 42.162377
85.500216 99.195102
52.701829 23.223662
24.208635 66.289020
34.486554 41.442008
32.167032 76.812988
43.677014 47.743442
37.677288 30.818845
59.740444 91.260842
74.835986 0.330414
88.443639 88.691506
72.329884 28.927385
7.588249 5.497248
52.916945 10.394992
66.955998 17.903687
80.430728 64.790659
46.904288 28.953238
20.771533 53.680471
40.081269 68.217093
39.229583 16.295044
70.333402 72.321355
53.526302 24.554002
99.037239 61.890460
80.062593 13.542265
47.260176 98.683417
19.301268 3.715225
44.952728 22.506426
91.246761 85.269874
78.352471 86.877090
26.076245 59.689646
40.398765 14.963524
52.464464 30.856938
95.610043 4.690252
94.265003 18.908876
86.093066 5.217622
33.886154 20.045505
70.150774 33.046663
72.841430 34.283659
68.062445 2.572224
24.877972 70.840767
90.823903 34.515932
36.879566 36.743255
12.949273 84.570353
36.745768 12.816246
58.148430 41.312009
27.643247 45.105726
78.027232 58.584970
47.544658 53.551447
69.716121 86.531028
56.848094 84.968429
53.232620 74.131959
47.184084 72.470896
49.150573 61.297328
72.831705 76.141692
15.027917 80.011821
67.868515 6.936867
78.570396 51.932871
88.221963 10.388677
23.995969 91.902906
31.927667 27.119142
6.630954 50.712485
10.438158 10.773194
53.992385 37.111247
16.930949 49.826569
71.961901 39.197163
3.807264 60.378133
3.122037 17.501612
26.820575 74.897093
68.499449 74.708833
19.385374 15.557935
31.558943 1.047405
57.027466 21.705534
16.891850 71.281580
26.848993 51.731326
76.284516 21.135690
96.226119 21.141458
5.420526 9.908895
25.538816 66.068495
9.593182 84.989215
1.501433 72.770915
47.387363 2.205382
59.201177 17.667131
29.692458 33.432133
53.654027 76.174669
27.728282 22.310798
88.179330 23.395828
34.231743 0.121303
42.276535 88.804345
38.045712 8.041760
1.553234 14.748741
57.873888 42.765030
67.263061 43.995709
25.732610 42.168539
60.880469 14.728167
69.265335 73.925719
45.537627 24.672381
94.008247 62.468192
99.416467 39.472820
1.452344 59.778488
54.698204 18.871707
97.323777 78.917520
59.057769 94.915271
26.563379 30.159899
76.133565 51.987544
73.513717 80.035828
43.754393 17.255656
84.911962 87.584062
46.714286 28.780648
32.599639 84.744305
59.531726 9.444820
76.480600 92.740397
50.722611 51.564901
69.724437 78.780022
54.856353 67.333191
46.901350 90.496504
13.174158 79.423103
21.378177 32.721537
7.655348 49.875929
74.123732 76.639540
53.961456 1.824071
36.334929 87.832128
50.046211 31.039439
96.421567 65.125035
79.759928 67.117122
9.042298 34.091602
80.768254 26.911735
22.993004 50.298716
63.662566 59.209582
78.379852 49.727104
13.104184 66.211692
7.933624 67.504615
52.290136 75.372390
32.862750 13.140999
18.666767 17.883399
81.137582 6.315708
11.032298 78.525232
58.501435 37.438390
32.599462 75.112069
95.407657 83.450969
17.156143 59.723494
7.721882 40.099005
76.308194 11.789783
99.854647 43.382128
70.165067 94.177204
91.229127 22.942532
19.961402 51.561799
48.432410 66.333227
78.136746 52.015876
66.345797 21.463580
87.300407 6.314126
36.436682 52.382908
3.948177 61.746295
87.609738 84.939861
23.234118 87.274892
82.135371 51.041486
79.246646 20.844724
59.464820 29.577659
61.270474 75.112852
23.687821 7.186962
37.356533 20.649095
9.383388 5.241168
58.979694 70.090803
89.402935 18.645806
24.335488 78.822486
92.146570 50.566326
56.756943 32.507563
21.039642 34.664268
27.003913 34.158605
9.053928 38.076268
12.307680 38.664195
67.239340 54.876134
41.822575 83.658524
65.441965 26.125953
70.089893 14.419294
36.755888 78.498931
95.312416 36.708629
6.249684 54.092762
59.347129 61.929943
80.429495 99.006070
39.553852 68.257953
11.633774 56.482982
78.305784 2.722812
52.451930 0.198142
55.429687 41.275383
33.432871 42.941764
68.610894 98.014957
53.053467 14.868069
23.448883 66.237774
75.828238 40.653610
5.965416 42.601828
32.727482 83.948733
98.598752 69.553523
69.383026 68.729070
82.143738 87.481482
20.940974 85.886140
30.553564 60.044799
73.124541 48.122505
67.312069 80.587189
29.556240 49.611414
70.088315 55.410758
23.794140 90.620903
95.695465 86.023860
64.276071 17.831093
35.740693 19.762027
6.737372 18.456144
75.571070 57.086303
87.008827 90.292813
58.167971 52.397496
56.869472 50.381581
37.165396 92.935654
47.508472 75.261626
38.648279 64.707045
54.396593 15.413758
82.292008 58.142320
85.848968 19.610506
1.136564 5.388146
81.573332 9.400329
9.617922 20.047692
1.392700 20.368603
85.758530 39.246487
72.244029 65.494349
57.610749 34.626873
75.226916 72.375925
44.816854 0.197741
23.927742 77.593928
90.105183 21.094241
67.098130 21.517424
76.741894 8.201604
23.526170 97.108185
47.755778 95.958737
82.703172 87.400797
36.297841 23.168953
16.527374 68.020499
95.343474 84.423897
43.653771 14.584382
25.124848 15.924730
55.009943 65.880433
32.285904 29.980210
98.376135 34.528108
28.439421 28.798670
30.642777 41.127223
43.967671 90.870081
95.075044 80.024179
85.822173 54.880993
99.298424 77.236412
73.872882 41.438326
5.053253 27.077104
72.964380 57.472801
41.787491 27.411710
82.742083 7.999895
81.957289 22.742498
73.428755 7.924820
60.409903 63.972202
94.730252 79.089227
70.035974 42.284416
36.842442 33.153852
66.036038 15.136213
9.755520 98.518424
32.686462 98.580291
19.405808 64.468000
37.964734 97.893509
93.921817 49.237279
13.307800 3.543041
45.600028 95.237874
86.119014 94.752308
65.708050 65.307431
78.988661 33.997683
61.270229 3.271809
9.630054 13.399801
66.515056 38.272447
22.569349 48.839420
7.492860 27.949774
5.927401 15.033770
10.245642 44.565080
73.511956 42.525484
74.299364 26.206763
7.172875 40.147275
88.022299 37.753533
82.098028 41.166617
92.083791 50.110655
8.116303 3.573123
93.259014 86.168682
94.736084 90.094282
16.581047 2.468930
76.751458 41.346355
45.561914 69.679712
58.411752 18.242165
10.550468 30.206871
52.404554 69.654726
33.185671 6.372246
88.693571 97.799101
46.137337 38.264755
53.498947 57.868896
95.760048 21.618311
24.300283 29.163949
34.131279 96.259339
33.682813 1.302677
55.829157 83.257853
85.913994 13.749501
45.851534 22.782209
52.333125 15.100639
69.241171 70.359798
10.361568 83.597502
32.537618 25.712075
49.621102 35.150526
96.388448 40.162915
67.343738 19.365764
34.566435 24.028184
6.210482 61.123991
96.296745 44.807068
19.544691 36.829242
0.316016 27.762078
20.576298 28.855121
50.584463 69.032485
75.835316 38.540677
85.360077 59.846816
34.233282 86.013589
6.675567 2.497691
87.769854 19.629172
63.192370 28.997262
19.073635 91.618478
28.168345 21.793485
27.645965 73.529438
74.483742 46.206188
98.870901 87.080100
38.920270 52.023852
11.032255 77.300966
14.268127 49.499534
68.133887 74.091053
16.655281 63.403061
77.076488 51.785797
76.090330 10.976109
82.741669 51.008006
76.922365 20.150654
77.498687 89.149379
49.603725 51.077164
85.091559 73.918308
94.932722 68.437562
91.375738 4.208612
71.589979 10.613699
82.121859 97.084514
63.423399 74.668889
57.654347 91.664951
68.648157 72.550941
85.927592 16.634063
71.677012 32.163250
43.842364 31.584733
80.787788 81.363397
5.001232 55.259698
17.893567 66.021082
42.056996 11.143334
21.218200 56.124269
25.240489 68.983809
56.299301 23.401752
77.567472 23.172816
78.397930 12.009181
34.379609 27.246177
73.509731 73.386555
11.670309 27.522019
96.551418 10.150872
54.886707 45.885848
82.773905 21.154661
80.199666 9.568538
53.902891 90.318822
94.438658 71.927494
67.074059 79.148235
20.481997 93.475995
64.916569 87.334425
91.740462 46.382953
62.587532 8.803819
28.648346 63.837523
57.836521 53.843663
38.818524 77.698950
37.562953 13.599417
7.965603 28.991820
27.606862 38.874981
25.907010 84.260709
41.104453 67.896502
56.990304 85.399933
15.359377 41.430339
16.088090 25.288982
52.845073 82.902670
5.598265 67.047035
66.142999 98.972609
42.119862 94.896868
4.581228 71.510853
55.644853 40.167078
85.867357 98.629842
88.442314 59.472008
15.149594 73.692350
45.083637 42.154782
20.009541 30.821403
18.622439 28.304874
4.117197 68.868573
80.527154 41.063601
98.533921 23.860666
70.143902 67.882479
89.623439 84.158133
43.951634 39.299369
69.334328 37.974852
52.602413 40.774907
40.608498 47.243822
14.914779 78.896874
34.183150 7.473480
56.780540 56.117792
66.990395 78.568521
99.722752 47.707093
55.446068 47.775118
84.590702 99.972255
79.170111 79.550343
74.234508 49.578153
54.025211 74.818447
93.362696 57.091458
75.324386 26.997013
34.937529 17.213705
82.704236 88.672823
33.351949 70.452996
60.963404 26.494728
34.114356 85.131629
21.382939 28.071251
94.663857 61.177712
82.565064 74.332746
69.752743 73.335848
49.470421 65.415674
31.666885 88.918690
35.880994 61.832877
56.296489 13.478163
35.599462 92.342739
67.724449 11.930380
97.678557 4.994847
45.568012 11.867500
72.054062 77.184711
48.596736 91.593662
92.223779 9.046482
93.864198 52.201266
94.561112 21.606389
75.268230 84.265492
51.287312 95.115902
57.263776 32.699794
26.083938 57.918374
3.320873 51.115949
66.173515 48.448197
52.693026 9.640155
50.462444 75.826897
89.270839 55.575309
99.623033 12.032170
74.477478 83.500450
38.403573 27.161162
47.574921 42.855969
34.415612 74.567957
61.417960 72.216925
21.843145 38.262344
94.604204 24.783490
10.651630 15.811761
26.857819 74.117134
76.381277 69.107657
79.442197 60.374788
47.998026 1.148987
33.781536 76.366518
60.798246 86.360802
66.985254 83.744527
85.009104 57.020171
62.093747 12.840258
26.853916 61.562946
59.925086 93.307635
13.811391 51.020029
27.684215 76.372704
35.040103 65.571805
55.599042 34.711433
27.849840 86.765135
12.568370 83.669552
98.900085 44.274192
96.562213 32.298851
6.973056 88.624988
68.059465 57.202264
57.830906 71.248622
54.374611 65.999232
36.055260 47.171059
27.713708 77.837659
12.901662 29.926187
6.397473 9.996287
54.600946 81.960135
55.932245 78.046618
30.507935 55.971989
45.523938 5.632545
51.152578 84.653333
51.910561 59.479676
36.880576 54.441924
33.907445 67.320087
92.212173 59.576429
61.215866 77.824483
15.128669 41.502944
62.037402 40.937027
58.327037 68.326146
78.729511 59.195030
47.829319 77.742375
44.159409 40.624951
72.615432 64.606203
21.725533 16.087858
85.385019 66.941129
65.911364 36.959342
18.084372 50.842058
84.855116 65.976650
0.120349 9.545888
44.287913 96.479382
72.905504 13.733006
27.686587 39.888182
9.197231 12.754984
98.245588 20.208631
25.931926 94.865794
94.499957 7.698654
34.870322 75.819776
78.316670 85.346754
40.030034 68.942124
63.833595 48.744415
17.733959 23.961695
96.570222 55.803879
75.349422 35.224181
79.131831 42.818979
49.387824 40.417586
78.818814 47.883928
65.356071 73.608512
65.455761 0.488864
56.308455 75.243489
46.158062 44.262946
97.185643 68.711493
20.001107 97.626809
59.620159 38.884416
37.804797 10.269072
73.060240 88.098716
93.491712 97.734597
92.656363 24.261158
26.430505 52.534517
95.355902 35.317183
79.055987 17.080167
4.493947 65.908271
25.502730 85.788762
40.671739 45.899164
40.726964 41.677140
27.468035 7.525814
13.365457 74.636577
57.493597 60.682982
74.870609 55.664074
56.507933 56.631501
77.989474 77.328242
16.605632 99.012820
15.987222 97.393399
22.667645 80.596994
51.979069 29.993559
97.798049 70.884200
76.073654 61.403644
75.916657 10.167106
56.415360 44.329752
96.217465 25.694286
22.964915 41.419701
76.059729 46.416487
71.988336 8.832164
18.854931 31.662545
87.074061 19.883193
45.886496 37.436323
20.374092 66.768542
82.628273 44.042777
38.502080 44.668585
67.588741 75.121697
41.634430 90.167838
48.001304 98.849060
87.880747 89.692015
29.833770 77.572451
62.783606 40.868944
43.318991 1.081574
41.590433 33.820761
44.639556 78.315050
7.378678 84.708212
78.810775 96.365690
1.759466 40.639385
1.718576 31.455737
99.162895 50.790491
83.041413 27.029771
1.671274 86.642149
42.336767 47.861351
9.434954 62.576732
95.912547 73.794124
10.471635 43.743906
73.974590 9.561419
65.537293 56.430898
62.443396 71.917178
71.367097 90.145988
40.579755 68.159980
5.071821 82.319429
60.066161 69.555430
66.952097 16.791401
17.190524 83.836057
76.416108 43.035726
83.470910 10.160324
84.029848 83.748503
75.141852 67.742037
38.963270 12.404208
76.772786 39.024972
50.159681 35.547952
57.438886 2.359117
36.990509 20.013796
8.125998 14.820273
24.331882 91.085607
92.849892 77.806059
39.436366 95.377389
20.066395 84.689775
39.201068 55.969477
60.038850 86.007595
83.905022 77.560478
70.948887 85.340652
49.315333 93.335209
96.926348 70.306296
37.844563 9.871110
44.458824 19.495589
61.609274 44.074915
40.502171 30.294379
24.128352 38.806609
8.162680 23.938467
34.611368 29.896457
46.373064 98.037436
62.176752 41.609892
14.289431 99.879900
0.092690 7.673924
88.218638 66.262544
50.825159 35.696934
79.767604 2.833843
32.797096 13.465843
16.371206 99.168244
30.630127 99.565028
58.008206 20.918387
56.217884 52.129121
86.200123 9.318461
8.870784 4.555208
88.933258 32.556320
81.212620 18.932371
87.837533 14.992492
93.140383 48.546366
16.943955 53.259769
27.484296 62.102041
25.853575 73.957927
4.234793 18.453661
30.274883 46.342454
54.166454 34.436049
50.055433 82.824514
37.810576 70.762894
29.269998 3.345957
85.284283 78.149661
99.424716 26.734146
9.273391 26.031342
74.421618 30.673883
56.184082 60.325696
27.018805 93.090672
21.124652 11.766679
9.172216 38.710733
49.673482 44.073005
15.776425 28.428582
90.706660 10.224807
31.392695 30.375196
90.324861 52.811920
3.501022 36.294267
90.355705 53.366018
87.208889 46.637703
30.828369 72.768139
70.155141 37.786785
56.731682 34.268200
77.984783 24.989883
2.642586 89.918022
30.219010 48.900643
84.065449 11.406956
67.522936 71.973185
29.790517 86.491839
81.553848 73.588100
64.988690 17.257692
31.026050 99.460661
69.576292 48.121325
6.591909 23.077672
80.608609 4.197179
47.153129 32.747282
70.655435 45.329401
95.394042 63.394626
59.957714 96.181023
61.439184 24.322582
50.526182 79.444542
82.576043 7.893987
48.304247 46.177984
50.474422 33.018326
87.186148 52.957470
70.329593 10.574425
52.487366 57.943343
96.561545 60.930172
29.536859 0.831284
78.640940 67.746646
91.706125 34.351700
37.587210 58.472114
60.884401 94.959254
96.497083 97.302556
45.013324 89.405054
81.816204 34.708243
8.316228 11.410560
51.703488 62.944816
61.217388 81.829432
84.265584 14.393726
51.922537 51.044788
81.550989 50.350048
62.437653 90.134999
57.785228 99.488556
61.846173 78.922596
53.793031 4.288282
81.832722 46.701804
38.768341 96.900985
76.193715 90.793419
42.106981 72.162397
21.247347 27.584895
46.805807 42.433136
11.295480 75.706222
1.694464 61.630123
28.379434 98.348549
46.211620 53.201234
24.435414 30.078733
24.980251 93.476806
57.872472 31.985513
0.037801 40.405274
33.590420 63.598228
61.535278 92.894288
28.689208 43.931010
68.090537 87.908585
99.899861 0.321661
37.211270 84.338209
80.163215 49.394515
26.056438 93.070045
92.307367 24.273425
23.000702 19.226187
99.970790 85.211245
52.193367 33.853929
1.517482 92.560779
11.630341 6.111469
6.218475 92.939883
39.732822 52.615392
63.917402 2.158133
48.893042 15.247405
99.573402 55.891138
96.733462 6.601487
92.696644 78.767511
83.124948 51.477708
69.828316 28.757281
51.512872 88.738750
20.649297 0.780530
3.452113 98.647525
34.172478 49.379345
61.631126 99.687540
63.553208 53.016297
97.247347 70.600803
46.912898 72.472518
37.417876 16.193610
32.826082 52.675025
63.675167 36.864264
15.427738 65.412044
0.802143 97.573965
45.710347 56.402736
69.102349 34.963422
33.093023 77.526991
68.603103 30.471183
24.678615 54.678169
2.981684 96.383980
60.540076 46.971718
98.369810 25.275685
70.344591 86.433788
12.281765 63.030979
34.381049 2.351399
38.258650 64.603965
87.640216 19.414457
69.865112 60.975761
54.934930 82.737951
34.831619 20.327161
19.707102 92.435842
61.165829 60.750036
78.318520 71.014210
30.190996 66.905863
54.854703 29.132890
62.360593 14.948819
81.109088 51.959723
31.174899 77.943495
40.798369 70.830548
57.195610 73.073828
94.422320 96.495615
80.446878 22.349312
36.874065 60.899889
57.597769 84.326093
42.833479 4.962237
75.865942 71.017360
75.646485 7.547944
93.115869 54.529661
32.244898 17.002519
49.737885 6.993044
4.451670 77.079313
9.158567 40.088803
13.313140 60.738473
97.036470 64.835768
93.574017 98.247773
85.296817 31.318324
40.193168 37.017978
8.890216 25.815962
40.073917 36.067326
67.143961 92.572588
70.972808 62.041765
66.284533 57.558548
60.619361 76.233849
23.926132 67.823400
14.513659 98.895008
78.338584 80.269779
63.510849 36.631804
15.358141 99.673569
34.616432 94.454381
76.872629 34.421733
80.305296 50.623686
35.902699 17.542224
67.248333 14.254697
37.838451 76.725527
2.310416 29.243187
40.935736 86.593354
55.595515 52.543940
6.872340 28.654587
28.932426 11.392001
89.364762 89.853151
22.516944 33.225569
89.248909 5.725929
78.306574 92.554160
73.581959 54.778190
39.114405 94.915349
50.513251 20.825215
10.679855 19.177026
14.738135 70.203657
46.354183 59.447579
19.436802 78.339023
47.982802 95.943805
86.200747 53.660509
42.141035 35.201666
33.357913 42.895360
69.405347 39.646552
35.651269 45.339620
92.730888 90.959286
39.978100 56.436039
69.091118 16.968326
36.209393 82.071394
72.529447 58.909668
88.607786 93.838928
91.296724 8.051028
7.069257 50.494485
78.460866 20.089719
30.894448 75.499437
10.525137 76.938159
38.946121 72.565073
76.496283 76.006674
58.467053 51.976279
59.850496 51.668531
72.850382 54.355079
88.502314 99.474146
19.231421 32.809845
62.875413 65.251892
85.720926 45.984534
6.966289 40.469752
58.505701 53.021404
81.875315 56.716389
47.700219 36.343127
50.218933 81.438514
99.223249 80.276850
80.108911 81.822561
63.908598 0.238782
36.400812 17.404071
29.832878 42.981749
93.066108 7.754836
75.570034 21.988659
93.977525 23.137062
51.714993 96.605375
79.909630 57.953661
7.157058 91.481321
97.528329 65.734420
3.750153 0.625764
27.733388 22.690164
15.934067 44.482973
33.959402 11.299943
46.892135 86.034993
69.988766 74.935454
40.399220 54.998508
85.707098 86.138155
96.571413 27.682685
36.253504 95.455739
92.412599 70.284325
1.603179 27.117613
46.316537 87.353239
49.798680 4.924869
8.847100 40.177509
54.556618 33.763984
83.975310 35.645641
23.264243 52.984363
19.941915 51.693805
42.783468 80.401257
40.021122 92.619798
63.274126 0.075632
80.624336 73.693138
87.470999 60.648330
58.213156 79.131786
67.533473 77.609940
22.685924 76.385008
83.604080 83.962514
94.637611 24.156531
37.219739 97.114057
62.408493 97.491782
81.379633 8.680399
3.332187 21.933114
72.361671 57.710450
65.405746 91.799853
37.859348 70.133600
92.776262 78.113274
61.558966 65.604729
5.241846 67.081402
92.543155 42.185190
26.426220 97.695564
71.554829 47.929824
89.047508 53.631402
69.727458 57.581082
86.445770 14.983627
40.295754 33.220234
92.537959 92.276892
1.065451 76.289832
66.548849 17.080982
74.567672 53.139219
31.515161 61.092104
7.197327 78.439135
14.621553 23.887051
44.772882 23.681324
22.231793 47.059895
56.966634 49.746015
0.364514 81.898410
71.599141 41.053605
47.370079 84.705702
78.731809 41.841427
41.967779 83.967457
65.740921 99.682893
2.794258 96.538196
74.522644 88.440594
3.878886 4.472658
63.745859 50.132393
22.174320 96.542603
64.738426 17.866652
39.150041 9.653097
26.241873 11.936287
98.516900 53.108918
12.800287 54.565526
74.587135 20.892115
11.515590 78.900637
45.281943 87.616968
42.613095 34.688686
28.256465 46.130038
76.876508 76.495716
38.551168 52.560296
41.463213 67.423281
44.815571 60.068294
32.183057 6.609637
68.126733 83.258267
15.825092 77.646858
48.534238 29.431650
79.340545 12.670073
6.735776 96.530131
57.794117 41.471738
77.117099 93.191550
75.400622 47.764984
71.389026 31.205418
13.872849 4.343248
76.787608 18.906855
44.849694 91.804706
50.576801 87.056551
64.914065 99.842165
23.667382 29.942704
81.353673 79.506121
41.540651 91.820491
69.949589 80.223436
63.549299 66.486457
18.162223 37.012968
85.925702 49.244476
82.702436 23.414185
83.218023 70.200966
58.394356 16.870574
60.545026 32.755301
67.672515 7.450762
74.307869 33.302406
42.406402 42.020566
10.597464 84.509579
85.567740 10.824421
44.926928 15.594810
88.428038 36.497090
51.140542 70.582221
24.223265 45.788891
33.007196 97.887379
99.242948 36.590429
49.489678 63.815996
77.379911 63.681831
45.602536 66.380752
15.460797 46.241691
42.007957 2.915964
74.140019 82.114239
81.235240 85.905873
40.158425 81.866803
72.379861 20.197115
0.996617 77.968962
57.698159 33.284038
67.981214 45.324633
39.476367 4.431972
64.480608 59.941626
27.224557 50.473342
38.873487 89.771026
33.824329 93.626426
13.560692 99.811462
15.755822 86.445790
42.698156 36.858671
70.286710 83.436555
8.248128 90.442848
99.528897 28.840445
96.889299 98.857139
96.736584 20.405918
49.876205 80.346836
97.269402 91.183807
23.034297 78.639982
58.548929 35.716195
86.339243 38.488034
44.837909 20.963665
21.003846 19.088580
8.090681 40.089603
13.684423 18.686852
99.055255 25.603239
79.774576 64.889962
84.734935 49.929471
72.975914 95.742418
13.338934 91.342078
35.569534 94.275500
89.368217 31.504911
74.952669 77.945337
58.524982 83.545878
91.735671 92.762047
99.645868 17.935170
47.801504 5.162504
65.657224 37.311914
72.194497 17.502745
25.251494 53.597431
78.955033 52.858263
10.106326 68.611500
73.894954 86.861167
89.422975 9.765292
19.715875 94.793864
40.899383 85.925749
61.123015 87.165253
69.550433 89.472454
39.508408 54.071217
69.886402 5.353499
6.263884 36.677757
22.925134 49.543668
83.292951 41.129137
53.971185 64.911726
3.742089 28.114320
67.594326 38.148889
11.961878 30.073205
87.184868 22.031050
52.697366 16.803918
60.871535 54.405602
4.215761 75.830591
61.038324 82.871589
84.168619 21.173067
51.352541 14.887659
50.364511 43.022989
69.964424 93.261525
20.022171 9.138340
48.682786 82.243936
10.388526 53.883225
31.941885 9.235651
81.415731 62.619527
29.104649 97.936604
18.558496 15.336063
64.347484 4.677302
55.724898 10.376994
75.291282 16.974352
20.151959 58.382196
99.161996 35.323405
37.975507 23.767927
56.748478 17.487697
98.944027 68.847390
95.349122 24.076061
38.766627 51.045839
0.476490 16.139105
81.788380 86.569231
18.554058 62.305833
32.094521 65.716668
85.460491 66.151517
65.326989 10.101081
31.102030 53.697046
85.112244 4.041333
24.400181 14.033212
71.574267 67.513587
31.551556 15.596515
63.650963 52.514253
49.943447 63.638767
99.930408 61.203679
95.550598 93.944254
88.247665 88.946019
51.238139 68.200527
68.692285 70.450051
35.070456 63.406389
3.026698 94.507928
41.426319 40.917757
85.596698 38.621366
22.021378 42.754966
88.076699 6.280521
86.784674 13.737871
1.927052 77.630937
54.071854 61.657442
93.167780 24.515436
99.594190 84.302500
92.384388 16.449233
27.672762 90.656614
69.752609 65.753283
83.555346 64.260958
89.830732 68.694901
41.295559 96.586386
30.985900 25.641927
35.393626 14.310774
69.926303 24.374197
1.007550 4.402190
4.934602 99.686452
92.804500 48.661075
80.098634 41.226982
65.315727 40.637118
98.228695 22.682250
80.019876 66.867940
95.709418 14.765994
53.524527 74.465374
25.894689 2.512131
1.230345 19.433534
25.397060 65.688939
72.081267 12.257569
11.087896 79.985763
31.191472 13.562407
61.852594 56.828298
60.763825 85.045027
74.711378 79.350646
55.334908 97.182774
34.785846 16.089631
96.105852 55.384415
91.590499 18.821707
53.639252 25.491307
98.117632 97.459063
36.248383 41.740427
66.369959 98.797068
92.197879 47.023132
58.579669 58.331962
58.635531 85.947709
29.758898 11.304667
71.069867 45.434893
32.417454 2.773975
30.518962 45.975496
89.639511 91.496016
16.948078 1.443700
70.160580 61.401760
51.337662 89.547621
76.440208 3.433500
63.761159 48.523391
88.607630 51.926017
97.348341 26.433289
59.673453 10.170267
45.270148 64.968265
4.197649 58.147278
16.979830 85.627499
56.095690 5.090193
79.006984 36.265057
71.788772 77.423926
4.968792 16.236349
18.447862 9.030729
2.958889 88.240288
29.448938 12.024083
44.070037 12.574893
52.215238 34.137918
96.050837 78.870148
52.269647 8.481224
49.162569 7.501162
48.296860 60.205935
49.273984 84.971675
86.772982 93.922546
54.850617 94.210667
55.702598 85.105684
68.616640 62.974619
29.116494 62.308926
79.433436 23.695623
74.375229 92.018057
51.162680 91.407253
61.172348 71.735633
28.849299 23.534600
72.700327 67.041069
2.185639 76.846001
98.414328 16.023792
27.765251 45.796983
17.529080 5.355889
52.637801 46.369906
0.164259 10.149069
36.620831 61.052350
80.748991 53.459411
50.059411 29.682361
68.397137 59.391634
82.830702 31.350055
29.181656 93.528970
23.630281 73.421585
8.403692 91.803831
7.210207 7.339963
59.294923 57.631645
42.091331 74.417021
69.213846 32.716829
40.813570 77.340822
20.538765 5.838387
43.283623 44.684516
74.708262 43.525200
37.353599 28.457432
61.406815 76.443360
0.944382 24.770694
56.385910 58.642191
50.221567 62.343223
67.153289 46.803882
65.875922 59.451344
67.624806 30.348070
36.608157 21.298841
46.654818 96.559188
81.157711 68.597374
36.941856 13.593402
46.012872 10.055090
43.705302 35.737294
33.803463 84.049058
66.108825 63.302253
75.728147 9.908801
70.567514 98.116249
26.650336 22.989559
34.294747 67.447557
47.707704 53.007677
27.142141 49.535592
81.684381 57.107819
95.674706 35.850493
17.939960 73.238971
11.078210 34.958658
75.977108 24.605509
59.627210 3.994122
54.506225 12.023494
56.213441 64.123224
33.229722 53.311935
61.867793 67.597104
56.623302 94.955768
