500
54.656316 11.059037
75.154687 85.821567
94.238610 18.553578
82.493530 88.663596
48.072695 28.222329
35.232306 90.812886
50.605175 60.402345
9.793751 4.772163
62.989341 80.161909
54.652268 71.799900
13.750262 36.468201
22.556820 36.887375
3.546628 76.862610
75.917012 34.180383
32.967336 74.698370
85.803347 83.513433
40.759518 86.506192
13.570072 30.355817
56.372893 24.641606
23.593733 15.010610
63.607725 67.810714
27.744200 24.232772
27.044154 11.286459
68.896410 69.020583
72.204625 10.673608
10.106241 40.910408
47.428138 52.249406
10.359715 24.455847
64.231565 47.590759
42.264938 74.588964
39.359267 50.756238
56.428700 16.035266
94.787776 30.073387
56.992245 58.613875
60.723276 91.397236
89.871463 4.604503
49.146620 89.302600
42.962990 58.796074
19.816317 32.354422
45.239622 8.116693
9.339610 17.285861
43.208732 38.044622
26.790401 96.315295
73.844297 24.521599
1.843782 43.854854
94.461933 87.100837
97.040828 64.210923
77.916835 4.700623
50.282172 21.219935
17.361738 24.067771
52.976196 49.590767
91.442270 34.231038
56.495172 66.962338
75.165632 65.555901
30.493485 80.721026
20.397706 3.337806
2.814439 62.724941
95.902491 41.034077
94.623397 97.954939
95.446141 75.978489
70.993680 35.265791
10.894303 87.708553
26.025583 85.406225
96.450319 0.313291
71.225003 50.391166
93.544927 68.432260
98.638141 69.659584
4.739315 55.310056
35.004027 41.257676
48.754188 15.309458
90.203773 42.130110
6.827275 30.348285
18.576038 47.955142
99.907359 93.057672
33.793097 47.584422
79.583460 9.822506
85.006414 15.201669
33.472825 3.091641
91.157765 59.321017
65.008044 25.523013
88.067570 70.245907
61.372341 43.421958
53.298915 31.443437
40.093624 20.177474
7.986116 47.416927
22.887904 69.895302
29.613643 39.414615
78.836778 54.551145
41.928896 79.742916
52.080509 85.128747
29.481100 44.504895
45.073505 44.272215
17.505730 95.315694
8.049724 81.498495
35.564787 31.762290
66.438786 61.816286
54.990579 36.970187
74.381280 99.549102
26.993922 31.459981
48.483483 66.738596
34.282307 23.409485
80.027469 79.902005
56.023270 1.477482
68.314560 19.628191
96.849197 57.784034
15.235410 76.225998
68.068589 94.113518
31.792731 9.257164
61.461400 14.122918
14.251590 55.795781
48.542156 38.708618
74.724109 71.652214
51.161841 94.005008
98.784672 21.199428
36.561372 65.852705
0.913719 6.868232
84.256929 3.960575
98.051702 9.570617
79.952192 98.379724
77.395213 42.860639
71.273593 82.363500
84.401407 75.640278
37.722821 5.931156
49.352721 3.989656
69.070194 89.073984
48.250336 79.357205
43.071402 30.328454
61.540431 53.402110
68.352988 6.188024
59.753774 99.686374
18.625934 65.467263
3.569251 23.668493
61.351793 34.782253
26.715130 73.758471
91.313494 92.573145
33.369017 16.543186
81.825459 71.049742
79.002258 25.845741
84.015096 21.000175
27.405457 61.597235
6.868850 67.068108
56.036275 89.338641
15.965139 42.353984
97.318710 52.149802
33.396608 96.592758
1.912473 81.881586
1.740870 95.412207
69.432093 77.410255
17.210761 16.443051
19.964649 90.632405
83.884877 40.744407
86.418629 62.700453
57.760197 79.131204
86.525241 48.132511
9.048303 61.397314
29.020273 19.333991
16.853546 82.861233
37.644202 57.791637
4.467875 35.862360
70.773887 40.868668
10.517600 99.074356
31.561770 56.601056
85.106207 26.451572
43.832704 1.334910
81.595204 33.502648
58.286587 29.974054
24.841201 42.439225
69.216252 99.307216
73.503645 91.529439
52.054950 42.947136
0.710875 69.133702
92.238610 81.091720
93.067283 11.802950
74.487155 77.152222
11.598794 10.170305
26.762029 53.010636
83.021278 94.388541
63.206136 75.138776
29.900053 68.931896
4.480586 13.786770
9.554647 74.557674
27.351602 6.285950
12.583390 0.580450
67.820157 30.494341
80.719965 47.687702
60.981153 2.358232
22.302522 56.037390
42.819583 15.173431
81.199204 61.716499
97.538424 34.417342
12.950026 48.103214
86.765364 99.193348
19.210054 9.755619
15.058303 70.669424
49.112922 73.772245
22.278692 77.032972
1.189007 49.182965
38.591008 0.036336
25.094948 1.465516
76.992538 15.891037
42.663698 97.647399
36.217337 78.897768
99.836160 28.805214
28.597670 91.031111
3.462564 0.996705
47.102033 33.835953
41.500457 25.463756
68.857161 56.006951
59.783586 9.033189
90.738554 53.310481
0.152808 58.111544
40.075494 43.008043
62.527043 86.640277
67.302114 0.637277
90.013321 23.237177
20.971348 99.460635
60.662889 21.279639
39.579023 93.432588
38.261048 12.157136
0.281495 30.790460
73.470498 1.474830
83.491119 52.326936
21.868682 26.456436
7.115713 93.876700
31.488333 28.598285
91.552126 47.437410
38.021483 99.771911
3.134068 88.333123
99.938753 78.956403
35.861218 84.787434
73.414697 59.059520
66.064022 36.935391
53.500937 99.272495
40.069590 69.648674
12.738366 65.283572
23.859564 48.890694
85.288201 57.497058
9.515260 53.251612
45.040123 21.082834
94.958585 24.562138
75.708419 47.841619
99.738230 99.281701
23.452003 20.735924
32.829638 62.476413
87.221957 10.479751
61.376270 62.776113
46.927676 84.331626
53.013135 77.409965
14.847230 6.096991
99.761255 44.764360
0.266367 17.065488
88.153532 87.950946
67.396919 13.917351
6.369018 8.601157
45.853923 93.165364
89.599314 76.813412
52.691766 54.829485
73.678819 29.659893
99.427336 14.721895
99.504361 87.050168
0.070049 38.619502
47.794928 99.763656
86.596395 36.169876
56.843813 45.920160
37.844357 36.572679
99.615185 4.234650
21.517847 61.100614
42.460570 65.171734
56.751480 94.619975
59.709679 71.332002
12.358589 94.338462
4.884683 99.878073
21.905995 82.562080
89.149440 29.462956
13.547911 20.113033
14.912346 60.757483
18.775747 13.720776
6.943613 7.993960
2.426752 13.452894
50.743811 35.331797
14.347443 13.811959
40.200503 22.061075
94.610787 31.735179
28.747669 85.584720
63.252801 13.497337
47.873025 22.179839
81.537447 52.843229
98.616674 11.142386
53.773098 41.578503
74.902160 52.173609
68.854269 25.802049
91.453978 21.825749
2.206810 91.443061
89.177613 12.068401
98.889448 37.408383
65.035920 3.856763
53.122652 13.388644
59.734165 98.438625
9.285505 35.205515
73.468952 23.119372
67.625340 6.681831
68.212921 45.499538
66.800947 42.485065
57.915752 49.853939
59.431228 76.971384
11.556447 99.196531
69.969891 38.766305
49.044897 67.631805
5.281032 86.592119
46.987359 46.065082
98.828685 19.924088
46.346408 20.673621
87.586611 27.115945
4.974386 84.864258
20.229144 47.505904
75.474283 20.919638
46.837319 26.727020
90.204855 87.014831
1.529507 3.182934
88.686817 41.061698
75.841126 34.092192
75.890479 20.807335
92.721215 61.542789
79.285966 42.975026
7.929309 39.921042
90.367736 19.954369
40.981283 74.819059
13.839937 42.567629
58.465660 61.336312
17.674435 45.945991
27.845834 15.891106
87.681535 76.388409
17.102297 82.549889
25.025761 71.333108
29.971640 51.504306
44.511312 13.122314
59.287846 33.776792
81.264084 84.053866
77.481501 1.833486
94.976002 42.001929
98.011497 61.485730
22.383562 1.845151
94.966599 59.850037
24.769617 82.383471
6.165597 67.661042
31.548589 40.863549
79.394050 41.658056
49.416880 68.756869
81.969831 65.850975
67.559325 77.002833
36.574148 32.397390
72.327317 73.086131
30.432768 88.687352
40.942001 11.234701
85.190364 12.931879
43.664081 57.275420
8.673277 95.568936
17.029763 29.466734
95.861915 10.470490
30.182951 99.081628
44.920866 14.606128
40.890435 57.570731
93.538407 62.343153
30.220061 59.425052
47.571224 80.997195
2.929857 62.912902
24.493599 8.439148
17.442259 90.619591
61.991579 9.175730
45.689771 91.594802
1.181268 43.812253
40.643469 45.317736
89.727108 3.941744
88.185890 48.642161
29.896232 6.168650
35.887012 6.757223
6.921292 13.170059
42.552176 46.738238
87.975971 66.287698
26.692924 45.777962
83.293924 98.736652
63.223746 63.070218
19.815648 0.836517
47.204235 93.125716
92.373505 64.745188
49.763328 47.258533
44.227206 27.849694
9.909706 69.629158
67.436634 48.937725
13.735569 96.085761
33.520842 92.403291
57.381736 34.440913
5.809117 34.868053
30.290566 28.458964
28.055141 2.156306
71.463005 84.858772
41.504123 18.031626
70.361437 12.845107
58.214833 23.068071
1.484683 72.023969
85.700935 56.669762
31.866136 56.592604
87.596320 57.372984
63.089346 98.295791
74.422917 9.383120
50.446494 67.039317
84.925149 99.859800
82.323333 48.724980
23.791757 28.999721
79.950443 3.059709
65.407353 97.355909
76.370075 40.789842
0.687126 91.444697
96.640025 24.949270
58.934618 15.386845
41.624347 31.433735
70.970166 81.970749
54.738581 91.674453
16.504206 15.256322
18.555102 57.394054
46.913374 71.691841
71.551929 82.379441
59.052473 44.413004
38.031425 66.016189
47.433875 13.121329
50.045226 9.493524
0.913215 43.387691
93.277503 8.231592
80.247609 53.695332
96.086084 69.262622
76.469236 33.501456
49.496799 28.008586
44.170670 57.578742
94.479272 45.583233
91.866420 63.648912
84.908645 75.995267
17.108624 35.618687
7.326050 75.931353
23.568290 61.132674
3.585109 91.813873
19.666133 42.166944
23.341166 21.171624
62.070612 10.022506
33.572933 93.952411
48.679518 64.293734
52.409688 48.406620
71.372167 68.931266
39.274959 85.983521
49.869765 97.414613
30.341870 80.238952
43.295368 57.976567
90.657982 72.539188
10.192740 25.325845
58.177018 52.077977
4.805833 89.231845
78.752600 12.854665
26.336043 9.566195
16.185017 48.166354
21.280110 56.305360
12.291579 68.752374
20.917889 38.660186
97.584573 22.290024
66.764622 97.971799
36.708550 74.534863
79.024989 71.748945
48.985994 8.071083
79.522780 93.295843
81.154054 49.247633
30.996234 38.385785
87.436442 27.479221
28.644087 47.175555
41.861603 27.020844
53.698461 12.410925
30.713234 88.910161
95.667404 63.125981
0.516963 65.826185
27.648514 82.874462
5.157554 63.287433
80.173089 51.930103
7.519647 7.157489
97.860016 0.757494
56.451168 41.972185
73.774343 47.357758
23.654563 9.902207
42.827805 5.826932
40.700047 25.308486
33.827329 79.877460
63.415894 6.418628
23.746834 85.767947
45.742839 74.858406
20.277418 77.268181
14.525505 55.694061
75.464718 72.399355
26.811078 82.596569
87.563321 32.706584
89.315991 3.027340
26.876442 19.260562
38.360332 69.043783
59.037516 91.464793
83.880346 8.217338
