1000
20.426758 13.440779
43.776399 31.987726
2.088521 6.748083
88.251618 45.323351
98.823899 61.738184
55.666948 91.096237
9.994950 91.155702
86.166147 37.047084
66.940264 30.091857
98.515916 2.687257
25.944062 62.289903
26.538739 5.515108
31.912111 45.064853
51.017754 4.509259
7.727335 6.527829
99.603101 39.871404
33.232864 37.580108
51.769046 26.824629
18.465030 99.465488
54.891447 84.795336
51.759779 64.591810
40.160863 94.117170
4.917065 44.626531
96.037927 68.523569
67.128977 23.244328
56.096548 98.599822
72.919984 83.406056
57.308588 53.023080
96.736837 96.971790
63.664660 82.475690
21.418068 76.403188
45.939856 38.375885
76.211505 70.624339
40.788584 8.951270
77.891776 19.216539
80.886694 35.998605
86.394075 77.995922
31.337158 2.917285
59.527087 94.449057
38.512765 74.901060
20.745415 26.806586
3.420971 96.243964
24.568405 81.613949
15.999084 31.219967
80.275325 62.401644
24.340079 36.822503
10.802624 75.471091
37.041970 16.110543
77.324685 95.864690
66.761142 49.332829
63.492369 8.166246
43.862359 65.105412
2.247893 89.013053
28.184292 27.410596
45.707827 24.206704
49.587789 54.345878
8.450256 68.142961
94.154620 79.320582
16.972128 7.491470
36.878495 60.575677
96.102432 54.168624
51.006777 74.355765
36.980809 22.886647
10.844543 23.361682
75.253145 38.907095
62.206825 67.340103
19.927601 62.432681
0.535233 72.556817
21.251934 91.023888
70.585928 87.908151
49.065636 87.170446
99.515998 73.181413
57.250211 21.872711
59.081439 0.397054
20.718634 46.111284
30.487890 53.098266
66.948281 60.182364
22.073172 54.458924
58.391148 29.515186
38.781397 51.334857
73.171231 9.353844
12.255502 3.688591
9.093200 54.361471
94.793654 8.523635
88.338829 64.896968
34.071747 32.236399
77.152132 47.558470
86.445352 21.554036
93.186234 59.213832
6.737625 83.337460
10.020705 60.992320
26.011476 11.978280
56.173636 42.340855
94.125037 47.708143
83.001816 9.468608
43.109351 14.464529
36.436271 97.592502
68.060812 16.298640
10.526665 11.804430
89.356979 97.252427
43.992491 87.734043
14.331786 56.744054
82.303967 50.886747
76.785152 79.062653
57.064595 14.388058
36.184654 67.879969
63.449786 74.094762
27.367026 96.986568
21.510505 2.132062
69.366266 73.655411
16.810495 51.059320
65.990173 95.719857
51.918141 16.036677
70.054333 99.813425
10.323903 46.818101
1.823047 79.702403
58.158661 63.471629
27.711634 86.421406
43.300093 81.609930
49.878160 99.311179
93.650192 88.680065
51.638749 46.390543
61.292555 45.182737
33.611481 78.846530
31.589264 63.327653
0.866139 11.627765
1.793643 54.991257
69.279031 39.439083
81.463463 91.007758
59.031910 78.342793
41.559222 55.740052
61.409484 36.568682
5.811202 18.884177
31.373080 17.701757
54.203418 69.080862
22.838441 69.654944
82.603012 30.570992
79.808952 55.500022
74.249847 27.529288
16.761594 74.173049
86.172312 1.876496
96.871490 30.298758
54.631686 35.532905
93.944187 14.571372
82.965591 17.188827
71.895227 47.985062
30.151567 71.909003
68.651991 3.731349
24.549837 23.460410
38.897742 85.162418
77.831160 5.843321
83.718359 99.983374
68.036068 66.194040
42.646742 44.273883
27.224357 91.456242
71.995669 21.766824
38.481519 28.789642
99.810784 12.658512
50.267075 79.698665
57.273999 73.263125
93.327528 22.653678
7.224484 28.407196
53.485262 10.325537
92.213438 41.091175
69.456439 79.151229
40.724442 2.499617
34.246001 87.763695
9.116264 36.193083
25.045468 41.878391
88.656190 50.958583
69.465868 55.277129
81.861512 83.811595
0.744233 35.923240
44.357365 76.349706
15.417146 67.627160
10.205229 98.327019
84.623038 57.331285
15.805555 89.926722
63.384678 89.247326
56.240027 6.010151
28.713812 77.804155
61.330707 99.462054
88.922246 73.036805
42.256276 99.148547
1.741034 62.313530
31.642487 23.233243
31.773413 10.820759
36.752886 43.808954
91.863011 3.799619
83.435932 69.121694
13.057028 82.244855
62.051039 13.247083
72.649671 93.074203
0.196066 46.986094
46.598603 70.503691
45.599928 93.862742
90.006999 10.894474
18.201029 82.014928
89.048204 27.351948
50.434343 40.969348
55.342023 58.386594
14.013917 38.902546
76.116814 33.922266
72.472396 62.415169
99.902418 79.714577
40.919870 37.357459
15.977088 44.350265
1.562512 23.600259
0.187947 41.196591
86.773894 88.904318
78.394267 0.440185
5.488999 50.264784
75.906681 88.531600
78.440982 12.699637
97.768582 19.013647
27.206265 48.457399
18.578383 36.585793
80.798683 41.935959
99.029656 24.090723
88.511396 83.268280
63.836748 54.467165
17.186111 21.903065
10.594988 17.255619
46.771528 8.690745
46.368866 50.081792
98.772019 87.704667
50.377215 32.226402
92.236648 34.019087
35.912140 5.349694
27.128710 32.535998
82.310920 74.784481
42.163029 20.193455
50.069146 21.759442
45.714203 0.958904
46.157451 58.543247
60.519236 58.842820
16.469323 0.015833
73.191927 14.520221
80.784085 23.954855
35.563474 55.501319
15.990116 16.470720
7.892652 0.844998
2.572744 67.564091
32.263047 93.578918
72.587201 0.095837
40.955914 69.465736
9.802019 41.728230
63.493256 18.521844
88.087052 15.927449
75.832667 52.406170
0.605659 16.683263
99.528777 50.490787
29.810217 58.444192
21.607251 19.349479
1.905108 29.747498
27.226072 67.226885
5.481857 74.984731
21.610714 32.609007
84.878029 94.998047
70.282538 33.980186
15.963023 95.104901
92.927592 93.707439
2.608681 0.436961
61.904260 25.050769
64.217686 1.330366
26.087806 0.071759
5.610097 13.324127
54.073890 0.097384
99.949620 34.542008
56.542541 47.683367
64.248653 41.132401
21.991378 85.916333
68.177718 10.874841
26.183347 17.324417
22.249846 96.102990
5.029213 39.086376
51.713705 94.555787
74.676099 57.388674
98.708085 44.931458
76.373411 65.545131
22.013102 8.636787
68.323122 44.418404
99.982796 92.913446
31.811809 99.817654
39.889574 22.275216
44.201913 75.957160
81.338131 76.157541
70.288011 1.829121
30.379687 8.186644
66.658294 93.368751
46.989455 20.611142
0.633977 23.456571
17.283287 38.220243
23.144695 6.000677
66.139213 53.752529
81.843767 68.661543
57.263032 74.082582
53.781252 61.430291
15.981787 93.166697
83.313616 76.572124
81.006814 22.689348
42.139092 90.078280
3.622832 84.663001
1.087598 99.180941
16.559628 86.581116
51.787967 71.807975
48.596024 99.732461
83.851748 12.724904
82.659057 66.549778
1.564797 41.445851
84.263538 82.833710
19.853765 34.980972
94.216670 13.294715
61.979858 49.124192
48.966103 94.394923
86.890076 13.017454
78.724181 76.393972
55.586433 82.982322
84.919627 51.693957
16.581282 20.496977
64.922900 78.516207
84.434353 32.723702
23.063069 29.136483
97.425559 87.100853
53.150810 69.211773
68.404468 82.976501
82.214876 63.017251
23.174422 37.255136
44.599655 32.113242
46.548173 97.706885
89.805662 98.803463
22.918342 92.604539
40.361501 25.907851
60.826989 46.733102
18.941979 99.928806
98.135803 29.223110
95.764850 34.268670
56.113132 32.715895
87.166532 69.809679
49.089171 50.182315
13.993962 69.992887
56.924256 42.936340
58.075146 29.061474
91.609932 5.723413
3.608666 43.931469
89.255185 29.804037
9.453516 80.551598
62.726385 15.967410
1.838595 0.883177
28.287295 71.226449
88.027443 1.835293
6.089449 98.169948
61.989600 19.243860
68.349892 54.718887
9.021342 72.497166
56.611089 98.292249
69.305352 33.118495
23.085929 2.906183
39.429311 4.204468
60.083029 4.570909
29.376024 43.320053
7.477672 1.224221
84.312874 74.878107
93.322698 44.885671
88.982224 26.074011
50.816389 35.718443
13.617295 67.323107
98.543097 85.604612
28.988451 79.920678
22.230056 33.039573
4.761319 62.966808
88.184433 84.671053
62.753511 10.497596
22.091723 19.835512
39.630041 32.485033
46.916178 77.837103
78.533410 3.604141
94.972019 71.579670
77.964796 53.328273
66.355079 39.108102
52.367274 85.367992
28.955275 3.447573
40.436689 32.263031
71.465962 99.535322
71.445601 71.921376
92.240191 72.129960
79.119902 38.327093
0.797446 36.442478
28.280581 92.956506
13.480904 59.593564
19.627047 36.525527
35.842083 79.791604
9.817813 58.876896
86.182638 43.553363
2.494357 21.450101
55.425743 31.231782
34.089576 49.132370
73.927290 11.119848
50.230289 48.107714
60.071873 57.294481
12.297930 23.922419
52.916976 35.619088
1.912762 90.908588
52.625758 8.087778
69.988761 87.380337
20.098109 95.529009
81.274688 53.201601
39.226085 79.445115
90.693930 45.199753
14.181094 50.768026
22.228560 74.839198
93.585938 40.862569
70.294000 54.068576
16.986528 44.977532
28.758984 55.927085
95.958253 45.726097
27.422277 76.581811
98.991274 92.801965
85.164142 12.536014
37.745016 25.725744
32.086108 41.438095
55.326016 90.762851
95.406167 95.250090
67.653471 80.581622
10.719870 37.853914
0.534817 63.071296
58.197476 93.137554
70.927627 9.555998
81.118878 27.968315
94.095311 18.368638
27.489586 27.492096
26.638542 75.277523
28.613364 91.140409
54.319507 50.483993
34.335539 82.996129
58.809352 21.279409
31.770689 55.603492
71.004237 18.701471
65.169498 67.043393
15.342616 3.840216
43.380356 6.097303
6.834968 92.526963
47.051319 28.151683
39.990701 44.596669
19.650053 54.747174
14.854491 54.458993
52.036091 91.050499
64.473261 98.566935
92.012325 50.128449
27.875524 27.185105
65.507084 20.967536
8.243419 54.565688
36.753044 75.308804
58.152827 77.590662
0.481822 6.930357
24.377651 84.889142
6.576397 56.401094
66.935192 64.839131
74.038777 5.555628
50.628581 67.352640
29.137515 12.350657
52.868810 90.351913
68.308794 13.207984
59.326358 25.255697
72.517864 92.310133
70.252972 19.670668
66.418851 5.464983
75.247837 85.440583
97.062693 10.325727
27.055161 14.131725
47.485265 76.154489
86.039154 47.646636
37.846061 90.154423
22.863950 25.791362
84.119389 24.300452
18.312576 39.641615
57.010312 62.098151
51.884321 44.399774
99.630179 93.945079
13.117083 86.394254
53.717169 31.554714
87.030622 86.277500
52.984128 68.893490
72.755638 74.491619
53.316284 83.575308
68.684960 24.961774
17.619683 97.493095
49.329330 25.494979
84.263293 38.195309
72.040636 82.710412
59.601838 46.813561
99.211191 28.151953
56.381176 46.132568
25.862786 70.497783
54.036471 93.936447
1.628508 44.178557
18.418307 0.995822
21.565095 53.547399
62.425624 22.797969
52.250577 67.297355
3.005495 25.954749
28.635545 98.895074
67.507739 12.904189
96.901865 1.845860
27.832402 82.225829
1.817257 66.361351
10.160462 75.336380
34.764783 38.862860
91.322668 53.369556
34.057087 48.639708
65.523419 23.698704
25.289369 15.324684
10.838718 8.852408
74.870262 56.265575
18.763328 83.670480
32.320214 11.318250
45.487722 32.383245
14.909939 99.376435
98.138929 99.998226
33.476511 49.674865
10.759072 88.850754
27.520456 95.427936
48.499868 6.701538
44.182961 93.136235
59.973892 49.328737
44.229253 3.035639
39.831083 82.760197
34.976483 42.888861
20.781069 75.421886
39.146722 91.584312
63.649029 71.569917
14.101688 52.787740
72.842099 18.219173
63.156273 61.016444
41.960209 41.546265
88.527394 98.518479
18.165680 20.067943
51.838086 25.910345
1.560312 22.572049
21.595681 65.266648
41.162528 26.721434
92.493623 33.759857
30.181914 99.722529
8.514965 45.295785
76.119127 22.988585
53.086992 33.092064
6.467180 71.152817
99.567583 73.541537
29.268823 4.503321
12.767898 92.951958
71.243331 17.134337
42.224718 57.385382
59.056301 43.776775
89.137401 10.040915
98.823289 69.069985
55.175504 20.762649
31.153709 32.915500
94.268817 74.868952
48.226801 12.970071
52.411746 24.956918
74.885318 75.573747
75.953341 1.671957
18.625050 30.873656
68.886199 84.652621
67.108704 13.806382
26.277858 29.903383
47.185371 5.481284
41.088145 75.637867
11.670283 62.341546
86.761782 87.311683
52.596970 69.310777
60.093343 7.701392
1.217470 72.553688
37.583078 21.953883
38.643881 5.654936
49.953420 50.827139
6.962945 54.453024
99.674152 40.531955
35.502531 90.631488
30.514388 3.003755
46.036214 74.794090
92.583690 26.444471
97.209738 59.102488
4.030280 23.911850
28.333488 92.416159
69.838289 37.618490
86.666068 46.566332
64.946645 67.046405
19.618252 7.213044
99.725234 78.074679
5.458807 80.820341
19.256667 7.739948
88.407024 87.104889
61.694446 29.921972
98.892365 26.553794
71.085376 24.483175
83.105932 1.234595
36.766253 41.105744
29.902148 66.214912
46.267072 77.070598
99.352311 68.260727
6.076313 87.090303
40.776976 96.430977
70.908015 6.220889
40.060716 38.907100
12.431477 59.330070
85.707098 49.568926
95.522882 91.394644
1.270955 77.054846
67.391329 50.687184
74.966079 83.327142
14.703209 9.026388
23.891983 58.038985
16.236741 15.648551
21.189992 23.249764
72.361751 85.456277
54.232307 77.016267
87.396732 46.656582
80.955495 56.990056
74.781112 11.628440
91.290171 21.407887
62.661290 14.645658
52.384927 38.512279
41.618475 34.247056
74.110620 13.797680
92.367568 71.319130
29.350919 27.711648
53.866008 0.495922
19.026983 73.556272
76.621176 5.475980
22.899838 41.752276
47.155134 83.642528
91.598185 16.961057
44.467663 52.261464
3.861915 87.333852
49.688148 15.627488
75.131078 73.376717
31.784361 14.236621
58.746472 64.718054
64.366855 14.798841
11.059159 31.469143
80.706854 26.175373
59.694078 64.662023
16.018727 7.044547
44.282322 34.887352
72.566975 75.379927
93.005252 17.445371
41.971092 89.663626
84.761266 2.594353
30.252538 17.098344
34.251228 89.572264
98.831376 59.296655
41.934020 64.809268
57.098484 76.701677
64.965028 94.158354
59.845440 85.363492
21.160032 34.437743
60.178270 44.530919
81.359090 82.705756
43.535949 42.915692
88.743308 21.364840
61.157266 92.364551
83.634577 50.756170
13.215928 38.005968
74.140094 64.298133
4.183376 84.038081
47.163694 27.321653
52.812073 47.671641
91.128333 40.230188
37.815701 56.514480
91.920376 45.448167
38.424766 98.574392
5.113013 18.402504
3.826277 35.333992
98.777016 85.473890
29.157946 13.535760
51.940344 4.502722
65.669521 99.067103
21.455806 51.598394
31.862323 74.719163
13.318295 18.006865
56.641600 1.792348
44.134847 9.817846
48.346925 24.290126
68.257140 1.463526
1.425842 16.301073
60.884530 61.753801
94.306718 52.602287
61.420764 82.137975
7.620557 83.392857
69.674350 60.104229
20.696201 6.684863
78.779047 10.685729
46.532963 22.345543
99.497171 37.477469
53.049956 80.335837
58.620781 29.415857
17.236871 66.605468
56.862352 23.181382
30.838106 90.958419
56.415052 64.972318
32.105245 85.380190
78.779791 36.915698
6.763371 19.848606
70.741039 59.451430
1.273553 25.045002
60.792149 8.127358
22.829278 81.918203
59.002589 40.239860
37.181398 78.209189
33.279409 20.172603
95.136381 16.019201
40.244430 49.809468
45.850450 98.570893
55.424876 89.690307
62.378723 77.107712
1.210530 8.141930
35.035369 6.754545
26.735609 55.471232
17.670820 67.909385
88.721592 88.359114
86.224338 97.278067
42.779473 42.119408
15.887218 54.391762
20.980037 10.618489
2.267605 70.581647
3.420273 10.619977
86.992411 41.906838
20.196220 28.622782
42.707794 84.247886
74.336011 91.965706
19.038317 61.845454
51.313358 44.795458
33.123414 83.276574
53.423126 33.446904
72.706567 60.648622
85.915993 58.293094
96.675979 3.444434
83.154927 59.077642
91.525297 89.203319
91.506146 33.157023
46.182795 45.093438
63.466012 56.850845
16.721854 52.561224
37.650568 96.009868
2.430080 47.362402
34.819216 1.266499
18.457522 76.295578
57.717267 23.017553
40.052024 63.157120
18.034230 12.086994
84.483079 75.623207
35.378403 24.741399
94.088637 3.252953
80.362897 77.767974
42.393484 76.492167
43.598176 49.634667
85.036235 8.921979
59.793940 14.573079
92.459197 72.803067
75.811573 69.100425
58.259170 75.675644
90.611344 24.927958
90.268918 40.053828
35.829893 48.702279
4.665579 13.596421
67.185762 13.328133
50.533817 30.320703
44.987840 74.044253
28.001155 92.786498
66.272123 72.037195
74.949482 4.189275
49.467330 88.353498
21.987494 26.155648
5.507055 5.214249
7.833570 37.100549
12.407642 11.560864
55.681442 35.588934
98.197311 7.979596
82.813862 95.646333
1.948584 78.418153
88.870460 67.176005
35.711590 5.412444
4.415600 66.858370
23.952933 69.092162
4.518038 33.901359
12.081806 90.206502
77.529068 28.255664
9.959356 88.758080
62.220077 15.669801
75.168130 36.383485
28.404077 45.898820
29.543035 92.401101
50.031386 90.026950
91.429230 42.347387
46.445983 60.991733
93.626312 57.568830
19.976328 84.360768
74.490149 90.775361
42.232685 24.161698
85.552021 78.627654
0.414457 32.379061
65.457589 37.405643
28.820841 43.873288
17.397376 10.889253
3.254545 25.924032
50.047827 34.717941
66.819699 69.720215
15.288556 71.136729
18.841771 7.506582
62.241687 56.296704
87.988912 93.891821
26.081650 94.060524
53.377355 91.914018
38.827202 6.557150
29.676101 71.518502
8.144689 7.954912
76.880507 21.883189
27.945205 2.791043
48.816972 57.736830
13.248464 40.997807
96.146440 57.301248
49.420324 55.336637
94.184101 97.381241
33.956391 47.529984
27.273236 62.068357
1.703857 49.556787
93.259058 29.578773
48.685430 36.348154
1.590636 57.522837
2.742480 50.997154
40.988960 16.377607
65.192406 97.890689
81.535294 62.217651
5.571165 74.867350
66.285104 82.897583
58.885245 48.670362
7.479584 14.330060
86.593854 86.304006
75.605808 98.076970
89.193152 41.459514
24.745558 75.799814
22.244457 43.620737
80.793150 61.522282
6.840682 79.909138
45.131814 91.785722
32.710661 93.873129
13.882226 27.053496
44.351074 45.695868
61.535724 83.165138
15.039394 39.267151
29.745135 22.333637
20.192541 89.369472
54.169409 9.215556
88.178143 2.294338
87.334568 50.140870
55.864181 99.560875
85.629782 22.215164
92.786633 87.059799
4.497453 7.566734
64.332026 35.333892
70.577538 91.262508
29.126769 82.998815
1.918413 2.820174
79.358357 21.507481
9.312192 32.469073
6.429600 42.629570
78.052901 50.252549
24.283266 56.352247
40.592735 16.567889
61.201807 96.296240
82.719544 7.847665
16.252173 43.810667
56.916996 19.543373
62.564696 90.675652
74.968967 26.191212
31.819156 52.527956
12.007754 35.217155
92.014593 96.382462
48.581851 5.464895
67.680495 43.607537
60.865772 60.917614
12.244296 90.917702
10.956897 18.329261
1.435198 73.207781
28.482115 82.641502
27.054431 70.119489
60.312959 79.435656
22.686000 81.292310
63.132497 17.354296
53.058238 50.417391
60.831530 2.660617
7.890055 45.206327
56.434484 77.989775
10.752428 6.994818
54.613931 14.352964
67.783850 62.293949
27.303005 53.034789
74.183665 37.684581
93.117639 72.244059
61.401645 60.915169
8.118710 71.113676
87.775337 65.899753
97.345707 58.389099
22.076854 15.718383
30.459567 47.264621
10.667163 48.288378
20.868558 79.564047
7.643173 77.496222
56.839121 94.034580
83.381144 87.575869
9.967773 50.124996
95.432348 63.490909
51.175794 42.948216
52.832347 75.480934
24.163924 72.877533
78.028964 66.429033
60.078465 41.524643
13.630121 24.923802
68.910108 61.442803
13.865171 25.997044
33.575051 59.311075
79.020685 2.846717
31.974670 33.836729
41.852899 59.983911
55.897839 71.979749
11.154660 48.377972
2.426987 57.037875
76.629884 30.399811
85.056569 57.749427
87.474642 39.714295
3.062671 56.568748
33.091493 21.773592
34.390368 44.346567
43.661627 1.881746
22.616966 24.931433
41.892314 43.593749
50.939922 61.178379
36.677583 20.837212
56.622755 7.868629
43.069673 94.290707
4.588452 96.549974
10.834312 68.551964
68.811917 49.414726
42.745176 45.224050
90.828508 7.961559
78.256536 10.098143
67.129559 82.847388
51.289552 11.811044
68.967114 72.369930
98.695454 95.297461
7.115913 47.035879
78.839191 58.941716
20.469778 27.533270
73.570968 79.121143
7.346643 32.713368
26.835516 84.630687
83.800539 0.670189
18.930566 73.892059
27.665964 5.432541
61.345509 90.861391
6.868554 98.726542
20.364760 34.987149
9.894617 99.530401
44.771239 86.923798
16.671464 89.069886
96.761462 14.940684
10.124556 58.069505
71.187116 30.990549
91.291737 28.239504
25.521164 97.479979
21.118422 86.802080
36.622299 98.496690
95.043566 0.925329
94.834838 20.399157
50.805638 41.460494
44.780930 94.058774
91.466529 28.988859
33.405707 24.857144
99.888671 51.535689
36.598560 80.509958
31.365123 66.110277
67.238614 60.855805
20.174094 30.097463
13.019226 8.218390
24.813163 63.512462
51.904632 94.762260
83.050804 13.988791
95.203473 13.673542
7.069833 28.998327
87.272759 55.510104
77.249115 51.321331
62.378377 93.306828
77.317367 40.443362
86.054246 87.315447
21.041377 41.117561
74.692228 83.764732
66.137952 23.478033
10.744752 91.495637
43.542910 25.023035
