200
35.906635 13.783144
53.743715 2.904056
29.982746 24.504021
19.294440 8.981122
68.206666 61.118289
38.784217 4.124960
75.323579 76.621129
17.727495 30.668666
6.427857 60.188826
94.386812 72.045171
6.563146 33.256473
48.885627 73.416945
86.891247 7.686652
98.524498 1.583353
17.309576 81.283549
10.951233 99.401944
20.329244 58.476866
88.275338 55.365275
62.044380 30.712368
81.695698 16.658960
52.199656 44.258424
37.507095 92.462597
11.417903 62.432999
84.402521 81.773621
70.144856 67.224363
10.552875 54.993526
27.737980 43.404113
33.650362 72.420930
54.627748 7.899594
79.826409 42.556886
58.183975 63.250614
52.356997 52.053237
58.510283 57.327908
91.988707 78.305517
28.590572 86.121370
35.177996 52.220850
75.478216 62.679506
7.371381 9.275176
89.533398 47.015341
42.113562 97.731837
13.039552 94.370504
95.783283 81.592413
93.835892 20.893970
25.916732 15.921046
17.786770 2.758891
18.479970 98.167233
33.980316 28.824011
4.919117 71.925270
94.074308 7.103609
76.843280 36.160288
46.223943 10.633569
28.168761 64.599726
86.882213 38.821156
5.993292 39.280496
98.881775 17.518116
3.624915 16.250264
69.581874 93.170638
96.156506 87.312439
89.275774 70.126110
80.752538 55.076451
95.717123 95.086338
63.007961 10.782984
99.609134 48.297615
82.586083 69.574139
53.013387 59.028460
50.394342 34.965086
80.400377 48.610840
90.134889 85.328934
98.409812 58.962410
27.910820 52.657258
68.842706 9.024133
1.008331 60.145070
5.250759 45.912933
90.098021 92.763376
43.957705 74.283246
69.122764 32.078144
82.013066 9.389276
68.762892 47.077674
19.983996 20.293300
81.089389 22.025454
74.869031 21.460272
50.083166 65.519891
31.437844 3.610951
49.443311 19.117147
72.911234 54.227371
51.416699 82.095549
20.400830 51.051897
34.776394 79.810205
46.577758 91.574611
84.361032 92.093914
80.429105 86.284261
41.681081 62.755890
66.283693 76.578309
34.376186 61.419599
93.372707 33.078825
93.579220 28.073249
88.216538 28.392075
42.414172 51.945492
12.256353 14.606320
24.409858 97.554357
61.991297 89.822875
61.400098 43.686505
45.796226 3.658032
29.851079 76.948062
14.634365 50.542432
33.065541 99.638202
85.945394 75.318471
1.001084 99.433267
34.457985 37.467089
1.356550 35.381238
83.348056 33.275859
24.646564 9.067496
13.060862 74.199485
54.053490 25.407258
64.090999 69.523810
17.684684 40.591575
3.099038 25.635964
64.025883 97.278028
63.076546 54.821797
1.852899 0.229903
42.316177 42.058507
25.007497 38.510709
95.242156 52.095920
56.658168 34.237002
13.774019 9.675880
63.940895 17.609254
35.366167 47.173954
86.357575 64.256994
85.380247 51.106211
65.523946 22.721687
97.049868 76.648949
27.827579 29.143172
24.341372 70.221056
58.998225 70.245353
57.894500 98.142568
30.907232 10.261875
58.799881 16.386434
32.344460 19.449724
71.983271 14.064805
27.073561 92.434539
99.977242 68.855639
45.443452 67.541548
72.714093 83.737280
35.832980 67.386227
44.238104 22.843429
66.556149 39.062671
22.078793 86.316471
79.850014 4.870583
22.846879 45.725947
53.423169 93.823179
92.733976 39.811889
61.259898 83.156923
15.868349 87.004311
56.899054 48.753905
47.825320 60.362103
4.032443 53.508337
91.710501 16.323677
10.187477 44.095086
87.045451 19.680770
2.471888 78.734986
8.560042 85.205718
39.666507 84.913833
18.843309 91.265680
40.344999 26.737238
2.142380 9.462866
3.963166 65.526264
95.030657 12.498108
42.272011 17.819626
73.704371 4.539620
60.327446 38.397630
80.631047 98.693684
47.697537 27.287485
13.513624 24.262225
47.314735 52.988487
42.158251 57.767098
41.332529 33.998466
98.283987 24.400278
14.420468 67.132896
14.986788 35.957451
78.854800 26.635259
4.101606 95.325928
78.981850 91.434664
27.771116 58.192493
38.974062 73.266288
77.148808 10.621705
18.868785 74.848879
8.226732 20.103443
20.879600 66.492683
70.753725 98.397985
67.026773 87.247023
27.226083 0.755037
41.208390 8.704006
2.864112 90.164524
97.581095 41.571093
0.359568 43.947179
85.218751 0.626868
65.981464 2.328140
54.758881 13.335947
58.520450 76.818280
9.151262 90.454804
