50
31.508832 19.087243
69.648300 3.640821
79.272167 88.268523
1.375536 27.818132
55.851576 47.798877
46.729116 32.245987
1.616025 49.431479
86.942703 72.114253
85.431681 78.097407
22.851080 67.044715
4.850304 97.945580
94.505380 99.529910
90.172701 62.403798
92.007715 24.481987
73.222783 76.524735
24.460317 11.474689
94.482219 74.215792
80.525648 2.032991
80.542822 34.331116
99.917652 22.759495
96.305008 67.286847
68.536956 35.208750
2.134775 14.264335
46.922396 4.529372
14.428231 84.142487
47.326285 10.207966
74.461087 63.758184
95.492521 56.205693
42.499559 21.560166
48.509730 94.178730
36.317337 36.438974
17.472115 99.223861
26.979118 43.452066
8.081411 10.772053
66.789258 64.991760
3.745213 35.818410
17.494386 10.446382
68.601030 46.212909
88.656891 94.291373
65.826962 17.012993
86.062370 35.878237
0.407428 84.728835
49.301155 56.724120
77.916137 42.429976
25.657222 62.395515
47.799747 47.853034
54.747251 91.657739
70.667056 82.363317
12.119372 25.096363
70.460004 27.803334
