500
0.000000 0.519305
0.200401 0.273555
0.400802 1.092712
0.601202 0.902471
0.801603 1.308443
1.002004 0.832301
1.202405 2.128008
1.402806 2.272551
1.603206 1.248974
1.803607 2.387805
2.004008 2.922850
2.204409 3.005094
2.404810 2.694009
2.605210 3.418378
2.805611 3.361734
3.006012 3.782236
3.206413 3.875140
3.406814 4.435874
3.607214 4.722712
3.807615 3.964677
4.008016 5.263466
4.208417 4.199802
4.408818 5.534570
4.609218 6.076559
4.809619 6.305401
5.010020 6.533822
5.210421 6.114320
5.410822 6.441922
5.611222 7.079068
5.811623 7.191654
6.012024 5.521301
6.212425 7.669071
6.412826 7.642985
6.613226 7.268108
6.813627 7.467042
7.014028 7.882459
7.214429 8.663114
7.414830 7.766006
7.615230 7.601591
7.815631 8.180041
8.016032 8.816334
8.216433 8.673047
8.416834 8.042593
8.617234 8.787501
8.817635 8.489560
9.018036 8.973485
9.218437 8.620819
9.418838 9.854803
9.619238 9.751238
9.819639 8.989175
10.020040 9.442005
10.220441 8.537462
10.420842 9.702321
10.621242 9.383679
10.821643 9.831228
11.022044 11.138866
11.222445 10.783310
11.422846 8.983613
11.623246 8.787296
11.823647 10.446576
12.024048 9.860314
12.224449 9.518892
12.424850 10.649341
12.625251 9.487631
12.825651 9.885877
13.026052 10.190883
13.226453 10.461643
13.426854 11.332769
13.627255 9.961769
13.827655 10.858830
14.028056 10.318151
14.228457 8.815267
14.428858 10.034191
14.629259 8.957714
14.829659 9.655992
15.030060 10.012091
15.230461 10.065095
15.430862 9.568789
15.631263 8.610498
15.831663 8.727773
16.032064 8.995921
16.232465 8.653957
16.432866 8.948890
16.633267 7.957774
16.833667 8.389355
17.034068 8.230004
17.234469 9.003240
17.434870 8.358555
17.635271 7.851001
17.835671 7.817074
18.036072 7.832624
18.236473 8.319200
18.436874 7.786794
18.637275 6.753330
18.837675 7.208136
19.038076 7.716159
19.238477 6.859504
19.438878 6.533407
19.639279 6.698034
19.839679 5.963804
20.040080 5.648825
20.240481 5.585846
20.440882 5.588815
20.641283 5.702633
20.841683 4.878204
21.042084 4.821833
21.242485 4.310693
21.442886 4.545683
21.643287 4.135464
21.843687 4.139493
22.044088 3.094451
22.244489 4.405163
22.444890 3.034262
22.645291 3.043609
22.845691 2.913717
23.046092 2.297937
23.246493 1.910016
23.446894 2.368045
23.647295 1.436420
23.847695 2.446548
24.048096 0.715070
24.248497 1.552293
24.448898 1.424077
24.649299 0.750361
24.849699 0.289093
25.050100 0.087454
25.250501 -0.747620
25.450902 -0.526270
25.651303 -1.073351
25.851703 -0.844296
26.052104 -1.071285
26.252505 -1.861776
26.452906 -0.716077
26.653307 -2.801546
26.853707 -2.192449
27.054108 -3.023208
27.254509 -2.942368
27.454910 -2.515515
27.655311 -2.978513
27.855711 -3.964629
28.056112 -3.862641
28.256513 -3.305962
28.456914 -3.328719
28.657315 -3.716424
28.857715 -4.264146
29.058116 -4.462486
29.258517 -5.307242
29.458918 -6.158444
29.659319 -5.060324
29.859719 -6.059528
30.060120 -6.374754
30.260521 -6.555088
30.460922 -6.271602
30.661323 -6.600768
30.861723 -6.122757
31.062124 -7.060680
31.262525 -6.914510
31.462926 -7.031529
31.663327 -7.544182
31.863727 -6.598447
32.064128 -8.065559
32.264529 -7.819482
32.464930 -7.662182
32.665331 -7.734555
32.865731 -8.086100
33.066132 -8.907542
33.266533 -8.442078
33.466934 -7.845971
33.667335 -9.407083
33.867735 -9.033246
34.068136 -8.930487
34.268537 -8.910669
34.468938 -9.324828
34.669339 -8.452743
34.869739 -9.330081
35.070140 -9.054762
35.270541 -9.934061
35.470942 -9.618183
35.671343 -9.278476
35.871743 -10.260838
36.072144 -10.436515
36.272545 -10.680523
36.472946 -10.257091
36.673347 -10.134805
36.873747 -9.591200
37.074148 -10.228299
37.274549 -9.405577
37.474950 -10.658719
37.675351 -10.100623
37.875752 -9.232248
38.076152 -11.074878
38.276553 -9.663138
38.476954 -10.562417
38.677355 -9.209787
38.877756 -9.672788
39.078156 -10.287453
39.278557 -9.887174
39.478958 -9.465723
39.679359 -9.691806
39.879760 -9.705440
40.080160 -10.211680
40.280561 -9.597818
40.480962 -8.681735
40.681363 -9.458856
40.881764 -9.900488
41.082164 -8.081655
41.282565 -9.652792
41.482966 -9.832824
41.683367 -9.080965
41.883768 -8.303671
42.084168 -8.546075
42.284569 -7.707867
42.484970 -8.506973
42.685371 -8.652244
42.885772 -7.841685
43.086172 -7.445110
43.286573 -8.357328
43.486974 -7.538117
43.687375 -8.216293
43.887776 -6.480737
44.088176 -7.183929
44.288577 -7.670413
44.488978 -6.525273
44.689379 -6.425318
44.889780 -5.991284
45.090180 -5.908632
45.290581 -6.519379
45.490982 -5.211202
45.691383 -5.345634
45.891784 -4.529818
46.092184 -4.906072
46.292585 -4.805541
46.492986 -5.505894
46.693387 -4.405574
46.893788 -4.539497
47.094188 -4.425378
47.294589 -3.128474
47.494990 -3.477728
47.695391 -3.167406
47.895792 -3.175484
48.096192 -2.294773
48.296593 -2.667657
48.496994 -2.854436
48.697395 -1.607106
48.897796 -2.197002
49.098196 -1.421972
49.298597 -1.400180
49.498998 -0.693931
49.699399 -0.916099
49.899800 -0.508123
50.100200 0.799581
50.300601 -1.321779
50.501002 0.792503
50.701403 -0.241251
50.901804 0.955516
51.102204 1.051736
51.302605 2.321459
51.503006 1.280616
51.703407 0.786298
51.903808 2.466229
52.104208 2.407265
52.304609 1.930220
52.505010 2.398959
52.705411 3.532163
52.905812 3.182174
53.106212 2.976579
53.306613 3.751219
53.507014 4.145623
53.707415 4.196560
53.907816 4.349775
54.108216 5.200495
54.308617 5.303381
54.509018 5.713104
54.709419 5.764752
54.909820 5.526791
55.110220 5.856960
55.310621 6.469564
55.511022 5.772828
55.711423 5.261765
55.911824 6.353199
56.112224 6.226064
56.312625 6.264762
56.513026 7.619047
56.713427 7.279786
56.913828 7.812161
57.114228 7.559726
57.314629 8.166454
57.515030 8.280549
57.715431 7.149226
57.915832 8.337413
58.116232 8.530919
58.316633 8.815518
58.517034 8.439821
58.717435 9.236351
58.917836 10.041640
59.118236 9.073889
59.318637 9.680113
59.519038 8.983526
59.719439 7.941346
59.919840 9.124385
60.120240 9.308401
60.320641 9.473970
60.521042 9.961416
60.721443 9.820653
60.921844 9.560934
61.122244 9.732223
61.322645 8.926924
61.523046 10.286477
61.723447 10.414191
61.923848 9.961692
62.124248 10.169073
62.324649 10.483484
62.525050 9.723414
62.725451 10.451078
62.925852 10.274037
63.126253 10.398767
63.326653 10.317042
63.527054 10.239383
63.727455 9.712222
63.927856 9.991479
64.128257 9.778466
64.328657 9.646156
64.529058 9.122771
64.729459 9.620676
64.929860 9.165681
65.130261 10.503219
65.330661 10.194241
65.531062 9.812531
65.731463 9.309014
65.931864 10.363879
66.132265 8.806261
66.332665 9.277704
66.533066 9.352711
66.733467 9.168727
66.933868 8.447130
67.134269 7.897742
67.334669 9.427634
67.535070 9.212623
67.735471 8.009589
67.935872 8.112954
68.136273 7.413569
68.336673 7.479542
68.537074 8.171081
68.737475 7.517963
68.937876 7.574690
69.138277 7.861222
69.338677 6.932641
69.539078 6.741798
69.739479 6.060853
69.939880 6.053283
70.140281 6.009093
70.340681 5.085663
70.541082 6.298780
70.741483 6.010884
70.941884 5.216340
71.142285 5.030422
71.342685 4.484518
71.543086 3.747749
71.743487 4.709760
71.943888 4.388122
72.144289 3.836046
72.344689 3.675593
72.545090 4.087374
72.745491 3.277966
72.945892 2.727078
73.146293 3.882606
73.346693 2.378190
73.547094 2.332069
73.747495 1.717512
73.947896 2.453591
74.148297 2.598271
74.348697 1.427163
74.549098 1.056383
74.749499 0.606635
74.949900 1.397242
75.150301 -0.404854
75.350701 0.141250
75.551102 1.072099
75.751503 0.005707
75.951904 -1.055840
76.152305 -1.335251
76.352705 -2.124865
76.553106 -1.802301
76.753507 -1.336845
76.953908 -1.893533
77.154309 -1.885430
77.354709 -2.184402
77.555110 -2.346526
77.755511 -2.927380
77.955912 -3.385891
78.156313 -3.434852
78.356713 -3.844981
78.557114 -4.050774
78.757515 -3.821455
78.957916 -4.696913
79.158317 -4.652072
79.358717 -4.203886
79.559118 -4.542996
79.759519 -5.195001
79.959920 -5.897017
80.160321 -6.312566
80.360721 -5.655703
80.561122 -6.531958
80.761523 -7.010137
80.961924 -6.462055
81.162325 -6.348447
81.362725 -7.416361
81.563126 -7.006633
81.763527 -7.636690
81.963928 -7.555139
82.164329 -7.201619
82.364729 -7.050905
82.565130 -7.754541
82.765531 -8.293763
82.965932 -7.783353
83.166333 -8.202799
83.366733 -7.922778
83.567134 -9.096907
83.767535 -9.203225
83.967936 -7.605651
84.168337 -9.611082
84.368737 -9.483289
84.569138 -8.233538
84.769539 -8.390927
84.969940 -9.220730
85.170341 -9.557989
85.370741 -9.566967
85.571142 -9.619248
85.771543 -9.902658
85.971944 -8.997395
86.172345 -9.653126
86.372745 -9.398975
86.573146 -9.885740
86.773547 -9.660947
86.973948 -10.419038
87.174349 -10.929498
87.374749 -10.722766
87.575150 -10.624962
87.775551 -8.607150
87.975952 -9.596775
88.176353 -9.919563
88.376754 -9.741276
88.577154 -10.120922
88.777555 -9.021315
88.977956 -10.000259
89.178357 -9.978662
89.378758 -9.813828
89.579158 -10.249114
89.779559 -9.856956
89.979960 -10.011078
90.180361 -10.036139
90.380762 -9.074962
90.581162 -8.769051
90.781563 -9.100358
90.981964 -9.451866
91.182365 -8.248164
91.382766 -8.697963
91.583166 -8.889068
91.783567 -9.275268
91.983968 -9.718514
92.184369 -8.427199
92.384770 -8.175834
92.585170 -8.585819
92.785571 -8.750687
92.985972 -7.895237
93.186373 -7.859826
93.386774 -7.910164
93.587174 -6.905614
93.787575 -7.713143
93.987976 -6.940931
94.188377 -6.852384
94.388778 -7.369624
94.589178 -6.908525
94.789579 -6.975251
94.989980 -6.754712
95.190381 -6.183592
95.390782 -6.213291
95.591182 -6.480568
95.791583 -5.636929
95.991984 -5.214350
96.192385 -5.062566
96.392786 -4.875326
96.593186 -4.944051
96.793587 -4.328990
96.993988 -4.113878
97.194389 -4.237307
97.394790 -3.040223
97.595190 -4.127789
97.795591 -3.914124
97.995992 -2.626577
98.196393 -2.359894
98.396794 -2.123381
98.597194 -2.181340
98.797595 -2.018328
98.997996 -1.850035
99.198397 -1.328140
99.398798 -1.086911
99.599198 -0.829924
99.799599 -1.050980
100.000000 -0.509347
