1000
0.000000 0.139769
0.100100 -0.067748
0.200200 -0.197992
0.300300 0.473173
0.400400 1.190909
0.500501 0.674913
0.600601 0.429631
0.700701 0.127147
0.800801 0.185671
0.900901 1.208990
1.001001 1.596025
1.101101 1.211260
1.201201 1.522692
1.301301 1.247630
1.401401 1.915051
1.501502 1.991148
1.601602 2.570053
1.701702 1.300279
1.801802 2.125292
1.901902 1.838601
2.002002 1.618834
2.102102 1.144534
2.202202 2.547889
2.302302 2.565500
2.402402 2.414128
2.502503 3.319218
2.602603 3.251541
2.702703 3.775784
2.802803 3.721588
2.902903 3.237708
3.003003 3.814132
3.103103 2.982165
3.203203 4.163650
3.303303 4.756822
3.403403 4.422855
3.503504 4.006224
3.603604 4.483594
3.703704 4.186231
3.803804 5.142447
3.903904 4.459055
4.004004 4.369379
4.104104 3.444673
4.204204 4.564122
4.304304 5.361324
4.404404 5.259396
4.504505 5.338338
4.604605 5.060594
4.704705 4.990124
4.804805 5.422157
4.904905 6.012363
5.005005 6.124353
5.105105 7.059886
5.205205 6.340430
5.305305 5.522172
5.405405 6.365839
5.505506 7.187499
5.605606 6.221869
5.705706 5.908762
5.805806 6.175648
5.905906 7.049323
6.006006 6.474124
6.106106 7.533557
6.206206 7.079988
6.306306 6.707037
6.406406 7.325211
6.506507 7.580109
6.606607 6.668032
6.706707 6.548274
6.806807 7.888594
6.906907 6.987159
7.007007 7.002748
7.107107 7.174882
7.207207 7.409621
7.307307 7.868063
7.407407 7.566838
7.507508 8.147137
7.607608 8.199531
7.707708 7.653924
7.807808 7.494513
7.907908 7.287886
8.008008 8.931650
8.108108 8.131625
8.208208 7.454742
8.308308 8.336122
8.408408 8.643581
8.508509 8.650959
8.608609 8.815336
8.708709 7.909196
8.808809 8.015723
8.908909 9.048844
9.009009 9.235556
9.109109 8.904542
9.209209 10.229607
9.309309 7.550460
9.409409 9.269139
9.509510 9.249748
9.609610 8.962698
9.709710 8.849349
9.809810 10.028742
9.909910 9.703862
10.010010 9.355776
10.110110 9.636471
10.210210 9.196571
10.310310 9.418433
10.410410 9.617616
10.510511 8.768720
10.610611 9.918942
10.710711 9.908420
10.810811 10.506541
10.910911 9.740106
11.011011 9.342549
11.111111 10.205299
11.211211 10.355414
11.311311 10.017875
11.411411 9.661519
11.511512 9.983006
11.611612 10.551457
11.711712 8.673375
11.811812 10.453280
11.911912 10.055422
12.012012 9.911352
12.112112 10.048371
12.212212 9.937032
12.312312 10.235762
12.412412 9.572708
12.512513 8.596413
12.612613 10.311097
12.712713 10.788472
12.812813 10.082252
12.912913 9.907448
13.013013 10.067167
13.113113 9.947440
13.213213 9.394369
13.313313 10.734759
13.413413 10.145717
13.513514 9.760244
13.613614 9.984894
13.713714 9.714994
13.813814 8.998594
13.913914 10.611984
14.014014 9.237244
14.114114 9.598117
14.214214 9.726111
14.314314 10.019576
14.414414 10.041587
14.514515 8.798725
14.614615 9.578239
14.714715 8.970816
14.814815 9.713127
14.914915 10.134855
15.015015 9.621065
15.115115 9.216048
15.215215 9.148408
15.315315 9.752257
15.415415 10.534015
15.515516 9.048739
15.615616 9.836564
15.715716 9.405610
15.815816 9.285825
15.915916 9.669692
16.016016 7.809714
16.116116 8.850435
16.216216 9.116755
16.316316 9.147450
16.416416 9.048943
16.516517 8.750362
16.616617 8.479928
16.716717 8.278465
16.816817 8.359803
16.916917 8.074396
17.017017 8.632088
17.117117 7.964079
17.217217 8.330921
17.317317 8.239363
17.417417 8.269378
17.517518 8.577017
17.617618 8.189172
17.717718 8.326336
17.817818 7.602389
17.917918 7.249038
18.018018 7.669727
18.118118 7.379636
18.218218 7.336587
18.318318 7.456169
18.418418 7.449602
18.518519 8.111470
18.618619 6.860512
18.718719 6.338209
18.818819 7.688259
18.918919 7.105950
19.019019 7.168283
19.119119 7.951898
19.219219 6.485958
19.319319 6.132233
19.419419 6.018661
19.519520 6.680417
19.619620 6.599862
19.719720 6.002215
19.819820 6.448140
19.919920 6.573878
20.020020 5.876194
20.120120 5.683992
20.220220 6.093046
20.320320 5.197780
20.420420 6.017199
20.520521 5.476331
20.620621 6.085366
20.720721 6.017618
20.820821 4.017934
20.920921 5.719707
21.021021 4.634247
21.121121 4.359004
21.221221 4.565321
21.321321 4.370161
21.421421 4.226128
21.521522 4.574057
21.621622 3.295229
21.721722 4.430108
21.821822 2.898567
21.921922 3.695136
22.022022 3.454183
22.122122 3.239931
22.222222 3.979813
22.322322 3.367657
22.422422 3.916040
22.522523 2.953855
22.622623 3.257037
22.722723 3.242964
22.822823 2.919631
22.922923 2.425706
23.023023 2.777953
23.123123 2.829410
23.223223 2.504833
23.323323 2.832738
23.423423 1.812568
23.523524 2.308721
23.623624 1.900087
23.723724 0.949794
23.823824 1.906660
23.923924 1.430541
24.024024 1.238917
24.124124 0.316896
24.224224 1.056847
24.324324 1.009060
24.424424 0.259533
24.524525 0.887936
24.624625 1.122875
24.724725 0.865844
24.824825 0.562405
24.924925 -0.236989
25.025025 -0.688557
25.125125 -0.466878
25.225225 -0.822160
25.325325 -0.709152
25.425425 -0.421341
25.525526 -0.044993
25.625626 -0.051164
25.725726 -1.175873
25.825826 -0.956654
25.925926 -0.734790
26.026026 -1.545529
26.126126 -0.836224
26.226226 -1.533976
26.326326 -0.864319
26.426426 -2.242276
26.526527 -1.433769
26.626627 -1.983036
26.726727 -2.380926
26.826827 -1.637789
26.926927 -1.041204
27.027027 -2.186358
27.127127 -1.806231
27.227227 -2.336463
27.327327 -2.479141
27.427427 -3.516622
27.527528 -2.827193
27.627628 -3.077619
27.727728 -3.483257
27.827828 -3.049016
27.927928 -3.358670
28.028028 -3.051972
28.128128 -3.523508
28.228228 -4.392865
28.328328 -4.111396
28.428428 -4.714834
28.528529 -4.596861
28.628629 -3.759666
28.728729 -4.257117
28.828829 -4.224767
28.928929 -4.367230
29.029029 -4.610923
29.129129 -4.282800
29.229229 -4.501929
29.329329 -5.568888
29.429429 -5.535774
29.529530 -4.821224
29.629630 -4.213296
29.729730 -6.191522
29.829830 -5.425764
29.929930 -4.747642
30.030030 -5.456283
30.130130 -5.260903
30.230230 -4.429200
30.330330 -5.122010
30.430430 -6.663186
30.530531 -6.354539
30.630631 -6.431308
30.730731 -6.971400
30.830831 -5.717423
30.930931 -6.841954
31.031031 -6.645857
31.131131 -6.486262
31.231231 -7.077912
31.331331 -7.422855
31.431431 -7.541199
31.531532 -6.763986
31.631632 -7.053489
31.731732 -7.786603
31.831832 -6.758311
31.931932 -6.959317
32.032032 -7.639977
32.132132 -7.836221
32.232232 -8.435777
32.332332 -7.326773
32.432432 -8.589354
32.532533 -6.780712
32.632633 -8.235503
32.732733 -8.320575
32.832833 -9.193101
32.932933 -9.235495
33.033033 -8.568097
33.133133 -8.674962
33.233233 -8.238834
33.333333 -8.557087
33.433433 -8.153816
33.533534 -10.094670
33.633634 -8.171826
33.733734 -8.076204
33.833834 -9.825272
33.933934 -8.349428
34.034034 -8.759430
34.134134 -8.628597
34.234234 -9.505709
34.334334 -9.023951
34.434434 -9.340108
34.534535 -9.149015
34.634635 -8.484015
34.734735 -8.696342
34.834835 -10.045160
34.934935 -9.361407
35.035035 -10.121842
35.135135 -8.409305
35.235235 -9.387921
35.335335 -9.465241
35.435435 -8.585115
35.535536 -10.441396
35.635636 -9.106430
35.735736 -8.820940
35.835836 -9.743175
35.935936 -9.187987
36.036036 -10.496792
36.136136 -10.139939
36.236236 -8.718478
36.336336 -9.658776
36.436436 -9.309067
36.536537 -9.153609
36.636637 -9.884966
36.736737 -9.654259
36.836837 -10.260246
36.936937 -10.758867
37.037037 -9.780040
37.137137 -9.154246
37.237237 -10.064862
37.337337 -11.127067
37.437437 -9.864020
37.537538 -9.588931
37.637638 -9.669233
37.737738 -9.176054
37.837838 -10.108773
37.937938 -11.104263
38.038038 -9.309700
38.138138 -10.466761
38.238238 -10.193748
38.338338 -10.143539
38.438438 -10.632272
38.538539 -10.557026
38.638639 -9.439322
38.738739 -9.974283
38.838839 -10.176276
38.938939 -10.092956
39.039039 -9.743549
39.139139 -10.619401
39.239239 -9.615497
39.339339 -10.364574
39.439439 -9.796443
39.539540 -9.690070
39.639640 -9.098275
39.739740 -9.801640
39.839840 -8.637099
39.939940 -9.311181
40.040040 -9.258048
40.140140 -10.003624
40.240240 -9.635886
40.340340 -9.028237
40.440440 -9.252883
40.540541 -9.159355
40.640641 -8.583685
40.740741 -9.191908
40.840841 -9.263612
40.940941 -10.232660
41.041041 -8.811132
41.141141 -9.283343
41.241241 -8.434056
41.341341 -8.563745
41.441441 -7.859465
41.541542 -9.557653
41.641642 -8.645627
41.741742 -7.904380
41.841842 -7.985040
41.941942 -8.981237
42.042042 -9.884493
42.142142 -8.352023
42.242242 -7.970348
42.342342 -8.060710
42.442442 -8.627708
42.542543 -8.217506
42.642643 -7.960401
42.742743 -7.565692
42.842843 -8.132989
42.942943 -7.408492
43.043043 -8.475944
43.143143 -7.984192
43.243243 -7.587598
43.343343 -6.799270
43.443443 -7.851316
43.543544 -7.266799
43.643644 -8.372771
43.743744 -7.320478
43.843844 -6.701713
43.943944 -7.618919
44.044044 -7.438214
44.144144 -7.543274
44.244244 -7.173044
44.344344 -6.625969
44.444444 -7.196163
44.544545 -6.819411
44.644645 -6.257153
44.744745 -6.812852
44.844845 -7.396701
44.944945 -6.519442
45.045045 -5.661735
45.145145 -6.301788
45.245245 -6.882258
45.345345 -5.754810
45.445445 -5.902335
45.545546 -5.894606
45.645646 -6.004792
45.745746 -5.051440
45.845846 -5.267460
45.945946 -5.442184
46.046046 -5.054019
46.146146 -4.775494
46.246246 -4.781290
46.346346 -5.431824
46.446446 -5.049340
46.546547 -4.023501
46.646647 -4.007765
46.746747 -4.129221
46.846847 -3.959797
46.946947 -4.393963
47.047047 -4.273502
47.147147 -4.114130
47.247247 -3.808719
47.347347 -3.502042
47.447447 -3.198885
47.547548 -2.936537
47.647648 -2.627972
47.747748 -3.440637
47.847848 -2.702206
47.947948 -3.124074
48.048048 -2.316318
48.148148 -2.648461
48.248248 -2.786559
48.348348 -2.304643
48.448448 -2.987916
48.548549 -2.642092
48.648649 -2.060124
48.748749 -2.315260
48.848849 -2.057036
48.948949 -1.924624
49.049049 -2.348075
49.149149 -0.774652
49.249249 -1.743391
49.349349 -1.481164
49.449449 -0.886195
49.549550 0.048273
49.649650 -0.315811
49.749750 0.089128
49.849850 -0.229396
49.949950 -0.351058
50.050050 -0.902122
50.150150 0.539785
50.250250 0.179080
50.350350 0.303069
50.450450 0.794625
50.550551 0.336948
50.650651 2.208545
50.750751 0.682256
50.850851 0.110374
50.950951 0.612558
51.051051 1.256627
51.151151 1.260714
51.251251 0.700581
51.351351 1.533212
51.451451 1.422175
51.551552 1.701062
51.651652 2.015282
51.751752 1.481263
51.851852 1.870074
51.951952 1.900578
52.052052 2.159592
52.152152 2.463211
52.252252 1.872396
52.352352 3.066951
52.452452 2.924595
52.552553 3.112574
52.652653 2.911889
52.752753 3.069126
52.852853 3.590824
52.952953 3.605863
53.053053 3.939278
53.153153 3.665085
53.253253 3.763279
53.353353 3.765270
53.453453 3.895760
53.553554 3.678217
53.653654 4.247577
53.753754 3.866850
53.853854 4.276971
53.953954 4.860029
54.054054 4.274812
54.154154 4.526419
54.254254 3.625753
54.354354 6.215802
54.454454 5.793741
54.554555 4.641206
54.654655 4.466270
54.754755 5.644469
54.854855 5.200949
54.954955 5.099544
55.055055 5.918531
55.155155 6.316012
55.255255 6.213032
55.355355 6.560895
55.455455 6.730515
55.555556 6.715760
55.655656 5.253147
55.755756 6.364794
55.855856 6.630854
55.955956 5.528690
56.056056 7.668158
56.156156 6.921908
56.256256 6.063868
56.356356 7.048047
56.456456 6.423209
56.556557 7.432632
56.656657 6.751421
56.756757 6.135392
56.856857 7.481023
56.956957 6.825662
57.057057 8.041330
57.157157 7.147901
57.257257 6.192648
57.357357 7.681649
57.457457 7.717270
57.557558 7.862908
57.657658 6.865141
57.757758 7.298928
57.857858 7.980071
57.957958 7.666698
58.058058 8.180289
58.158158 8.386795
58.258258 7.845726
58.358358 8.599493
58.458458 8.474582
58.558559 8.629283
58.658659 8.821099
58.758759 8.454258
58.858859 9.332222
58.958959 9.018122
59.059059 8.687871
59.159159 7.922827
59.259259 9.990021
59.359359 9.113537
59.459459 9.118470
59.559560 9.409962
59.659660 8.551194
59.759760 9.512470
59.859860 9.307546
59.959960 8.741001
60.060060 10.164392
60.160160 9.852912
60.260260 9.245518
60.360360 10.657131
60.460460 9.739316
60.560561 9.483764
60.660661 9.518095
60.760761 8.720454
60.860861 9.731619
60.960961 9.004662
61.061061 9.791229
61.161161 9.789402
61.261261 10.363874
61.361361 9.576444
61.461461 9.877319
61.561562 10.385958
61.661662 8.788098
61.761762 9.569890
61.861862 9.972512
61.961962 10.047785
62.062062 10.120778
62.162162 10.721868
62.262262 10.103918
62.362362 10.228866
62.462462 10.917862
62.562563 9.820434
62.662663 10.169675
62.762763 9.992431
62.862863 10.489865
62.962963 10.080603
63.063063 10.649030
63.163163 9.994359
63.263263 9.656394
63.363363 10.356928
63.463463 9.330115
63.563564 9.715537
63.663664 9.943591
63.763764 11.417709
63.863864 8.977953
63.963964 9.821341
64.064064 10.385604
64.164164 10.287739
64.264264 9.831134
64.364364 9.722827
64.464464 10.650845
64.564565 9.276476
64.664665 10.245797
64.764765 9.891089
64.864865 9.428198
64.964965 8.935548
65.065065 8.740288
65.165165 8.889383
65.265265 8.148795
65.365365 9.819400
65.465465 10.088229
65.565566 9.940056
65.665666 9.351212
65.765766 8.573642
65.865866 8.083757
65.965966 8.851388
66.066066 8.819554
66.166166 8.553136
66.266266 8.091432
66.366366 8.782139
66.466466 9.597347
66.566567 9.543150
66.666667 8.418792
66.766767 9.498785
66.866867 8.639815
66.966967 9.443793
67.067067 8.713345
67.167167 8.731911
67.267267 7.604046
67.367367 8.586392
67.467467 7.718071
67.567568 8.024914
67.667668 7.535110
67.767768 7.692293
67.867868 7.997761
67.967968 8.759765
68.068068 8.565253
68.168168 8.406903
68.268268 7.305060
68.368368 7.584078
68.468468 7.766349
68.568569 8.250099
68.668669 7.723768
68.768769 7.500418
68.868869 7.803219
68.968969 7.872809
69.069069 6.999717
69.169169 6.698159
69.269269 6.491865
69.369369 6.427833
69.469469 6.941489
69.569570 6.534574
69.669670 6.340975
69.769770 6.296312
69.869870 6.765598
69.969970 6.394894
70.070070 6.984866
70.170170 6.344127
70.270270 5.116277
70.370370 6.544111
70.470470 5.325561
70.570571 6.079545
70.670671 5.564600
70.770771 4.266230
70.870871 5.334255
70.970971 4.935240
71.071071 5.663006
71.171171 5.455013
71.271271 4.896802
71.371371 5.219568
71.471471 3.948488
71.571572 4.762607
71.671672 5.261287
71.771772 5.382489
71.871872 3.697897
71.971972 4.556187
72.072072 4.448641
72.172172 3.638405
72.272272 3.537988
72.372372 3.426226
72.472472 3.290356
72.572573 3.001879
72.672673 3.671069
72.772773 4.191474
72.872873 3.589837
72.972973 2.262994
73.073073 2.694792
73.173173 3.262773
73.273273 2.803493
73.373373 2.430221
73.473473 2.665097
73.573574 1.743075
73.673674 1.939374
73.773774 1.655130
73.873874 2.298215
73.973974 1.687808
74.074074 0.575963
74.174174 0.960746
74.274274 1.726250
74.374374 1.517731
74.474474 1.273015
74.574575 0.630692
74.674675 1.365785
74.774775 0.372527
74.874875 -0.023086
74.974975 1.280686
75.075075 -0.192740
75.175175 0.362285
75.275275 -0.720192
75.375375 -0.120499
75.475475 0.163519
75.575576 0.533099
75.675676 0.080776
75.775776 -0.789503
75.875876 -0.513515
75.975976 -1.078213
76.076076 -1.528794
76.176176 -0.059810
76.276276 -1.202720
76.376376 -1.182195
76.476476 -1.465322
76.576577 -1.103086
76.676677 -1.615537
76.776777 -1.811316
76.876877 -1.234523
76.976977 -2.389726
77.077077 -2.569221
77.177177 -2.072067
77.277277 -2.598655
77.377377 -2.768509
77.477477 -2.752485
77.577578 -2.817660
77.677678 -2.410031
77.777778 -3.412061
77.877878 -3.430015
77.977978 -3.170746
78.078078 -3.267393
78.178178 -2.397141
78.278278 -3.535438
78.378378 -3.912959
78.478478 -3.186791
78.578579 -3.700892
78.678679 -3.602143
78.778779 -4.658996
78.878879 -5.103669
78.978979 -4.828651
79.079079 -4.157468
79.179179 -4.567911
79.279279 -5.020125
79.379379 -4.696313
79.479479 -5.363370
79.579580 -4.320570
79.679680 -5.413348
79.779780 -5.353892
79.879880 -5.574250
79.979980 -5.311666
80.080080 -5.615439
80.180180 -4.890791
80.280280 -5.769680
80.380380 -5.788989
80.480480 -6.551062
80.580581 -5.054113
80.680681 -6.159838
80.780781 -6.107230
80.880881 -5.493332
80.980981 -6.638683
81.081081 -5.698952
81.181181 -7.106904
81.281281 -5.801957
81.381381 -7.105095
81.481481 -6.180526
81.581582 -7.377039
81.681682 -6.802940
81.781782 -7.693072
81.881882 -7.088802
81.981982 -7.746281
82.082082 -7.094267
82.182182 -6.915291
82.282282 -7.218811
82.382382 -7.101485
82.482482 -8.294372
82.582583 -8.172196
82.682683 -8.610120
82.782783 -8.668840
82.882883 -7.697124
82.982983 -8.419528
83.083083 -7.897855
83.183183 -8.314051
83.283283 -7.568460
83.383383 -8.161998
83.483483 -8.999400
83.583584 -8.239519
83.683684 -8.615063
83.783784 -8.468027
83.883884 -8.636447
83.983984 -9.379587
84.084084 -9.830652
84.184184 -8.509096
84.284284 -9.243223
84.384384 -8.722954
84.484484 -8.835137
84.584585 -9.057338
84.684685 -8.376256
84.784785 -8.431288
84.884885 -8.648595
84.984985 -9.411527
85.085085 -9.157858
85.185185 -9.235557
85.285285 -9.255158
85.385385 -10.080168
85.485485 -9.413868
85.585586 -10.153925
85.685686 -10.502446
85.785786 -10.730205
85.885886 -10.717143
85.985986 -9.835069
86.086086 -9.702681
86.186186 -9.801736
86.286286 -10.436141
86.386386 -9.183724
86.486486 -11.600321
86.586587 -10.611258
86.686687 -9.881444
86.786787 -10.276004
86.886887 -10.601677
86.986987 -9.897094
87.087087 -10.029300
87.187187 -10.808761
87.287287 -10.298156
87.387387 -10.296805
87.487487 -9.812206
87.587588 -8.777990
87.687688 -10.086216
87.787788 -10.219118
87.887888 -9.704483
87.987988 -10.223457
88.088088 -9.759570
88.188188 -10.105155
88.288288 -10.245086
88.388388 -10.330153
88.488488 -10.595006
88.588589 -10.065725
88.688689 -10.511928
88.788789 -11.237603
88.888889 -9.356468
88.988989 -9.556255
89.089089 -9.805431
89.189189 -9.708786
89.289289 -9.961846
89.389389 -9.525566
89.489489 -9.381583
89.589590 -10.073853
89.689690 -10.732170
89.789790 -9.920011
89.889890 -9.583612
89.989990 -9.327477
90.090090 -9.520707
90.190190 -9.359787
90.290290 -9.678127
90.390390 -8.950173
90.490490 -9.274962
90.590591 -9.703247
90.690691 -9.881921
90.790791 -9.449289
90.890891 -9.070847
90.990991 -9.184459
91.091091 -9.929250
91.191191 -9.553271
91.291291 -9.220643
91.391391 -9.252049
91.491491 -9.312224
91.591592 -8.912568
91.691692 -8.902210
91.791792 -8.811907
91.891892 -9.172499
91.991992 -8.242741
92.092092 -8.176090
92.192192 -9.363675
92.292292 -8.487380
92.392392 -8.400625
92.492492 -8.264026
92.592593 -8.313291
92.692693 -8.459298
92.792793 -8.199227
92.892893 -7.412955
92.992993 -8.150179
93.093093 -7.373089
93.193193 -8.058461
93.293293 -7.510060
93.393393 -8.072915
93.493493 -7.173904
93.593594 -7.927597
93.693694 -8.077827
93.793794 -7.029209
93.893894 -7.982300
93.993994 -6.795665
94.094094 -7.444742
94.194194 -6.702487
94.294294 -7.496503
94.394394 -6.312138
94.494494 -6.240055
94.594595 -6.586496
94.694695 -6.339189
94.794795 -5.968114
94.894895 -7.253778
94.994995 -6.179043
95.095095 -5.659149
95.195195 -5.844520
95.295295 -6.065102
95.395395 -5.264587
95.495495 -6.201049
95.595596 -6.173518
95.695696 -5.049279
95.795796 -5.302682
95.895896 -5.249415
95.995996 -5.301961
96.096096 -4.722302
96.196196 -5.415205
96.296296 -3.688368
96.396396 -4.943471
96.496496 -4.717716
96.596597 -4.428820
96.696697 -3.958604
96.796797 -5.369149
96.896897 -3.883998
96.996997 -4.701365
97.097097 -3.651279
97.197197 -3.763178
97.297297 -3.871650
97.397397 -3.855210
97.497497 -3.633838
97.597598 -3.879506
97.697698 -3.607320
97.797798 -3.731853
97.897898 -1.895441
97.997998 -2.761956
98.098098 -3.425064
98.198198 -3.460810
98.298298 -2.235868
98.398398 -3.065068
98.498498 -2.928434
98.598599 -2.463307
98.698699 -2.064819
98.798799 -1.484008
98.898899 -2.499347
98.998999 -1.071606
99.099099 -1.583323
99.199199 -1.369362
99.299299 -0.919207
99.399399 -1.750221
99.499499 -1.035928
99.599600 -0.664517
99.699700 -0.755260
99.799800 -1.018429
99.899900 -1.031674
100.000000 0.219118
