200
0.000000 0.247160
0.502513 0.466567
1.005025 2.597774
1.507538 2.144077
2.010050 1.982740
2.512563 3.634468
3.015075 3.704608
3.517588 3.661903
4.020101 5.465143
4.522613 5.674416
5.025126 5.313616
5.527638 7.037246
6.030151 7.519753
6.532663 6.787815
7.035176 7.599013
7.537688 8.319012
8.040201 7.820494
8.542714 8.486923
9.045226 8.959102
9.547739 9.164560
10.050251 9.186284
10.552764 9.657406
11.055276 10.272430
11.557789 9.689536
12.060302 9.625983
12.562814 10.496911
13.065327 8.835112
13.567839 9.624628
14.070352 9.795455
14.572864 10.016975
15.075377 8.952761
15.577889 9.551742
16.080402 8.857413
16.582915 7.827128
17.085427 9.172580
17.587940 7.944552
18.090452 7.715858
18.592965 8.255662
19.095477 6.586011
19.597990 6.009476
20.100503 4.434731
20.603015 4.740794
21.105528 4.644247
21.608040 3.376963
22.110553 3.736993
22.613065 3.593938
23.115578 1.724079
23.618090 1.435617
24.120603 1.782590
24.623116 -0.090495
25.125628 -0.020189
25.628141 -1.139974
26.130653 -0.076462
26.633166 -1.813076
27.135678 -2.610511
27.638191 -2.519982
28.140704 -4.207546
28.643216 -4.854031
29.145729 -5.107582
29.648241 -5.617798
30.150754 -5.605804
30.653266 -5.572947
31.155779 -6.671804
31.658291 -6.845293
32.160804 -8.427001
32.663317 -8.220720
33.165829 -9.010199
33.668342 -9.082455
34.170854 -9.443313
34.673367 -9.323281
35.175879 -9.553942
35.678392 -9.450035
36.180905 -10.176337
36.683417 -10.792428
37.185930 -10.437900
37.688442 -9.376861
38.190955 -9.946822
38.693467 -10.106204
39.195980 -10.149391
39.698492 -9.493413
40.201005 -8.938743
40.703518 -8.988289
41.206030 -8.852395
41.708543 -8.745078
42.211055 -8.408516
42.713568 -8.077715
43.216080 -8.045496
43.718593 -7.819480
44.221106 -6.977892
44.723618 -6.831711
45.226131 -5.790349
45.728643 -5.831541
46.231156 -3.907627
46.733668 -3.964246
47.236181 -3.201516
47.738693 -2.702855
48.241206 -2.491578
48.743719 -1.532562
49.246231 -1.972683
49.748744 -0.470409
50.251256 -0.584248
50.753769 0.525700
51.256281 0.620501
51.758794 1.737639
52.261307 2.887088
52.763819 2.793637
53.266332 3.521653
53.768844 4.346583
54.271357 3.835350
54.773869 5.939499
55.276382 5.789686
55.778894 6.007850
56.281407 8.200714
56.783920 6.763097
57.286432 6.914679
57.788945 7.793735
58.291457 7.734937
58.793970 9.028755
59.296482 10.175236
59.798995 9.427918
60.301508 9.298065
60.804020 9.487356
61.306533 9.304367
61.809045 10.063198
62.311558 9.723052
62.814070 9.659933
63.316583 9.669574
63.819095 10.374207
64.321608 10.315457
64.824121 9.804837
65.326633 9.293142
65.829146 9.101628
66.331658 8.778768
66.834171 8.597866
67.336683 8.497956
67.839196 7.645726
68.341709 7.903007
68.844221 6.526414
69.346734 7.247363
69.849246 5.401071
70.351759 5.907717
70.854271 5.250451
71.356784 3.896242
71.859296 5.446470
72.361809 4.607233
72.864322 2.798310
73.366834 2.261136
73.869347 2.126404
74.371859 0.806956
74.874372 0.648815
75.376884 -1.827898
75.879397 0.326364
76.381910 -0.762595
76.884422 -2.616240
77.386935 -1.843958
77.889447 -3.475562
78.391960 -4.375475
78.894472 -3.595243
79.396985 -4.546070
79.899497 -5.348053
80.402010 -6.156010
80.904523 -6.312498
81.407035 -5.856614
81.909548 -6.822156
82.412060 -6.950397
82.914573 -8.961723
83.417085 -7.565737
83.919598 -9.692962
84.422111 -9.355743
84.924623 -9.400961
85.427136 -8.666339
85.929648 -10.493924
86.432161 -9.974118
86.934673 -9.190787
87.437186 -9.914801
87.939698 -9.011137
88.442211 -9.684838
88.944724 -9.693626
89.447236 -9.411305
89.949749 -9.269895
90.452261 -8.717720
90.954774 -9.338233
91.457286 -8.681362
91.959799 -9.024452
92.462312 -8.965079
92.964824 -7.966840
93.467337 -8.039221
93.969849 -7.974907
94.472362 -7.106353
94.974874 -7.072646
95.477387 -4.844566
95.979899 -5.217404
96.482412 -5.298410
96.984925 -4.117647
97.487437 -4.400662
97.989950 -3.280270
98.492462 -2.738765
98.994975 -2.169465
99.497487 -0.360178
100.000000 -1.482211
