3000
0.000000 0.240496
0.033344 -0.461810
0.066689 0.955161
0.100033 -0.148997
0.133378 0.320882
0.166722 -0.761204
0.200067 -0.417672
0.233411 0.145675
0.266756 0.349557
0.300100 0.533826
0.333444 0.568807
0.366789 0.366944
0.400133 0.262465
0.433478 1.218564
0.466822 0.137850
0.500167 1.225738
0.533511 1.183745
0.566856 0.281993
0.600200 0.694168
0.633545 -0.074658
0.666889 0.648259
0.700233 0.155801
0.733578 1.943493
0.766922 0.703817
0.800267 0.628939
0.833611 1.632411
0.866956 1.987177
0.900300 1.042986
0.933645 0.605665
0.966989 1.000065
1.000333 1.427359
1.033678 2.832425
1.067022 1.550690
1.100367 0.802046
1.133711 1.637074
1.167056 1.687950
1.200400 1.664029
1.233745 1.316737
1.267089 0.489672
1.300433 1.650688
1.333778 1.332446
1.367122 1.835806
1.400467 1.331917
1.433811 2.744393
1.467156 2.453094
1.500500 1.654336
1.533845 2.924364
1.567189 2.578491
1.600534 2.242341
1.633878 2.311580
1.667222 2.012104
1.700567 1.578840
1.733911 2.435233
1.767256 2.286579
1.800600 2.030269
1.833945 2.242664
1.867289 2.358202
1.900634 2.665190
1.933978 1.337445
1.967322 2.469549
2.000667 2.052084
2.034011 2.572347
2.067356 2.898228
2.100700 3.279098
2.134045 1.992409
2.167389 3.010735
2.200734 3.110094
2.234078 2.681669
2.267422 3.273122
2.300767 3.698015
2.334111 2.566051
2.367456 2.631235
2.400800 3.615544
2.434145 2.557831
2.467489 2.700419
2.500834 3.304698
2.534178 3.899298
2.567523 3.810009
2.600867 2.092563
2.634211 3.353221
2.667556 2.724040
2.700900 4.067082
2.734245 3.478915
2.767589 4.061183
2.800934 4.096490
2.834278 3.619127
2.867623 3.797936
2.900967 3.500150
2.934311 3.048070
2.967656 3.004871
3.001000 4.279864
3.034345 3.315745
3.067689 4.314126
3.101034 4.348776
3.134378 3.609269
3.167723 3.428437
3.201067 4.139128
3.234411 3.564823
3.267756 4.584114
3.301100 3.940329
3.334445 3.430563
3.367789 4.031831
3.401134 2.950124
3.434478 2.827447
3.467823 3.650883
3.501167 4.388624
3.534512 4.394269
3.567856 3.936712
3.601200 3.848455
3.634545 4.112425
3.667889 4.820997
3.701234 5.386485
3.734578 4.501090
3.767923 4.186554
3.801267 4.447209
3.834612 4.461449
3.867956 4.661422
3.901300 5.061157
3.934645 4.168961
3.967989 5.068811
4.001334 4.030142
4.034678 5.995756
4.068023 4.464234
4.101367 5.355494
4.134712 5.478044
4.168056 5.754728
4.201400 4.858213
4.234745 6.078299
4.268089 4.867690
4.301434 5.027829
4.334778 5.937607
4.368123 5.815705
4.401467 5.232882
4.434812 5.872406
4.468156 4.622769
4.501501 5.375954
4.534845 5.330582
4.568189 6.120471
4.601534 5.222567
4.634878 5.606339
4.668223 5.386835
4.701567 5.433216
4.734912 5.358791
4.768256 5.606284
4.801601 5.320937
4.834945 5.550867
4.868289 6.664105
4.901634 5.463873
4.934978 5.724082
4.968323 5.380034
5.001667 5.732974
5.035012 5.188410
5.068356 5.209392
5.101701 5.344839
5.135045 5.181601
5.168389 6.121435
5.201734 5.673960
5.235078 5.728467
5.268423 6.193645
5.301767 6.379493
5.335112 6.422600
5.368456 6.515249
5.401801 6.651184
5.435145 5.470628
5.468489 6.009802
5.501834 6.325491
5.535178 6.393807
5.568523 5.622612
5.601867 5.964210
5.635212 5.252814
5.668556 6.346382
5.701901 6.388090
5.735245 6.850463
5.768590 6.211890
5.801934 7.378582
5.835278 6.220321
5.868623 6.641145
5.901967 7.132587
5.935312 6.890250
5.968656 7.066171
6.002001 6.000575
6.035345 7.079401
6.068690 6.741595
6.102034 7.025399
6.135378 6.903236
6.168723 8.025848
6.202067 7.115477
6.235412 6.798275
6.268756 7.474367
6.302101 7.071686
6.335445 8.455210
6.368790 7.007583
6.402134 6.604760
6.435478 7.355231
6.468823 8.079305
6.502167 8.131640
6.535512 7.175449
6.568856 7.434193
6.602201 7.233816
6.635545 6.866121
6.668890 7.784902
6.702234 7.298741
6.735579 7.266694
6.768923 7.176983
6.802267 7.679082
6.835612 8.015460
6.868956 7.099412
6.902301 6.361086
6.935645 7.506956
6.968990 7.778126
7.002334 7.363177
7.035679 7.205686
7.069023 7.770939
7.102367 7.751421
7.135712 7.886113
7.169056 8.555061
7.202401 8.080958
7.235745 7.119654
7.269090 8.466613
7.302434 8.668313
7.335779 6.832232
7.369123 6.717567
7.402467 7.605966
7.435812 7.709482
7.469156 7.691139
7.502501 7.461449
7.535845 7.376474
7.569190 7.939115
7.602534 7.676452
7.635879 8.382309
7.669223 8.569960
7.702568 8.252544
7.735912 7.841824
7.769256 9.241084
7.802601 8.651059
7.835945 8.908258
7.869290 7.671952
7.902634 9.171923
7.935979 8.233572
7.969323 9.446436
8.002668 7.932588
8.036012 9.405858
8.069356 8.232525
8.102701 8.005405
8.136045 7.530639
8.169390 8.843814
8.202734 8.419673
8.236079 8.450236
8.269423 8.382941
8.302768 9.462846
8.336112 7.526065
8.369456 8.601296
8.402801 8.260537
8.436145 8.114678
8.469490 8.687678
8.502834 8.559771
8.536179 8.406259
8.569523 8.842095
8.602868 9.503100
8.636212 7.875198
8.669557 8.337370
8.702901 9.132489
8.736245 8.248588
8.769590 9.011515
8.802934 8.235261
8.836279 9.035863
8.869623 8.937914
8.902968 8.917990
8.936312 8.322398
8.969657 8.930485
9.003001 9.774573
9.036345 8.775382
9.069690 8.583716
9.103034 8.741512
9.136379 8.009632
9.169723 8.710898
9.203068 9.139693
9.236412 9.248635
9.269757 8.615981
9.303101 8.790708
9.336445 9.416617
9.369790 8.970259
9.403134 9.396462
9.436479 8.929645
9.469823 9.595102
9.503168 8.999444
9.536512 8.899070
9.569857 9.710109
9.603201 9.289436
9.636546 8.489937
9.669890 9.487757
9.703234 8.302242
9.736579 9.358261
9.769923 9.638405
9.803268 9.676274
9.836612 8.836442
9.869957 9.256135
9.903301 8.848155
9.936646 8.488999
9.969990 9.167744
10.003334 10.299632
10.036679 9.265923
10.070023 9.083666
10.103368 9.462089
10.136712 9.900054
10.170057 9.328182
10.203401 9.947952
10.236746 10.695849
10.270090 9.870025
10.303434 9.583723
10.336779 10.271110
10.370123 8.809299
10.403468 8.659104
10.436812 9.645061
10.470157 10.421147
10.503501 9.159846
10.536846 9.879849
10.570190 8.742199
10.603535 10.242723
10.636879 9.429007
10.670223 9.297696
10.703568 9.390180
10.736912 9.823541
10.770257 9.559462
10.803601 9.833316
10.836946 8.995884
10.870290 9.852872
10.903635 10.018977
10.936979 9.376675
10.970323 10.098561
11.003668 9.533375
11.037012 9.954613
11.070357 9.833195
11.103701 9.401005
11.137046 9.335999
11.170390 9.570043
11.203735 9.948447
11.237079 9.266841
11.270423 10.071304
11.303768 9.140184
11.337112 9.827175
11.370457 9.824902
11.403801 10.012669
11.437146 9.644771
11.470490 11.118076
11.503835 10.272219
11.537179 9.673270
11.570524 10.353479
11.603868 10.343624
11.637212 9.361216
11.670557 10.365371
11.703901 10.250229
11.737246 9.757467
11.770590 10.942091
11.803935 9.842889
11.837279 10.274806
11.870624 9.647739
11.903968 9.893693
11.937312 10.086369
11.970657 10.467631
12.004001 10.393030
12.037346 9.901061
12.070690 9.088762
12.104035 10.468011
12.137379 10.550616
12.170724 10.428825
12.204068 10.132462
12.237412 10.405169
12.270757 9.868785
12.304101 10.973758
12.337446 10.092953
12.370790 9.887829
12.404135 9.947752
12.437479 10.021251
12.470824 9.639650
12.504168 9.943804
12.537513 9.811425
12.570857 9.651364
12.604201 10.993393
12.637546 9.903865
12.670890 9.944060
12.704235 10.696166
12.737579 9.881329
12.770924 9.992073
12.804268 10.055724
12.837613 9.222091
12.870957 9.772414
12.904301 9.146588
12.937646 10.091796
12.970990 9.936703
13.004335 9.799396
13.037679 9.713916
13.071024 9.941150
13.104368 10.509613
13.137713 9.945495
13.171057 10.054998
13.204401 11.342274
13.237746 9.831421
13.271090 10.561739
13.304435 10.224937
13.337779 9.682374
13.371124 11.199528
13.404468 9.513836
13.437813 9.829703
13.471157 10.044707
13.504502 10.002036
13.537846 10.076599
13.571190 10.248679
13.604535 10.278039
13.637879 9.825892
13.671224 9.876592
13.704568 9.871059
13.737913 9.989624
13.771257 11.375843
13.804602 9.510381
13.837946 9.737936
13.871290 9.645433
13.904635 9.494478
13.937979 10.115524
13.971324 9.477641
14.004668 10.180531
14.038013 10.300888
14.071357 9.555472
14.104702 9.783704
14.138046 9.648284
14.171390 10.625641
14.204735 9.385306
14.238079 9.475341
14.271424 10.280225
14.304768 9.484884
14.338113 9.209245
14.371457 10.148999
14.404802 9.889188
14.438146 10.497313
14.471490 8.581792
14.504835 9.647347
14.538179 9.532940
14.571524 10.135515
14.604868 9.711025
14.638213 9.904974
14.671557 10.257845
14.704902 10.577007
14.738246 9.553445
14.771591 9.638966
14.804935 9.606940
14.838279 9.495385
14.871624 10.034809
14.904968 8.674168
14.938313 9.512211
14.971657 8.872009
15.005002 9.614079
15.038346 9.394674
15.071691 9.740955
15.105035 10.060625
15.138379 9.761885
15.171724 9.381470
15.205068 8.968920
15.238413 9.103482
15.271757 8.753558
15.305102 9.782384
15.338446 9.472087
15.371791 9.429320
15.405135 9.316957
15.438479 9.850047
15.471824 9.803792
15.505168 9.341626
15.538513 9.997120
15.571857 9.575699
15.605202 9.214044
15.638546 9.379367
15.671891 9.402316
15.705235 9.687513
15.738580 10.123188
15.771924 9.340376
15.805268 8.494260
15.838613 7.870755
15.871957 9.379634
15.905302 9.210747
15.938646 8.967169
15.971991 9.455408
16.005335 8.884986
16.038680 9.075419
16.072024 8.525054
16.105368 9.008993
16.138713 8.884840
16.172057 8.597060
16.205402 9.538624
16.238746 7.783980
16.272091 9.250884
16.305435 8.922410
16.338780 9.167876
16.372124 9.124464
16.405468 8.866305
16.438813 9.446792
16.472157 9.111234
16.505502 9.122901
16.538846 8.560727
16.572191 9.164263
16.605535 9.208460
16.638880 9.516976
16.672224 8.286655
16.705569 8.956716
16.738913 8.807040
16.772257 9.397047
16.805602 8.149348
16.838946 8.199690
16.872291 7.564352
16.905635 7.753894
16.938980 8.786104
16.972324 8.965470
17.005669 8.719936
17.039013 8.487509
17.072357 8.904573
17.105702 7.957194
17.139046 8.540265
17.172391 8.099412
17.205735 8.658869
17.239080 8.132668
17.272424 8.592732
17.305769 7.850459
17.339113 8.090194
17.372457 7.360796
17.405802 8.724279
17.439146 7.717251
17.472491 8.679476
17.505835 8.599044
17.539180 8.340767
17.572524 7.097337
17.605869 8.653277
17.639213 8.140627
17.672558 8.362310
17.705902 8.404147
17.739246 8.333346
17.772591 8.537753
17.805935 8.178826
17.839280 8.028610
17.872624 7.808746
17.905969 7.677002
17.939313 8.109033
17.972658 7.593667
18.006002 8.852138
18.039346 7.912099
18.072691 7.990748
18.106035 7.288157
18.139380 7.849523
18.172724 7.475491
18.206069 7.932565
18.239413 6.841025
18.272758 7.580201
18.306102 8.488845
18.339446 7.540619
18.372791 7.679531
18.406135 6.939209
18.439480 8.005468
18.472824 7.229078
18.506169 7.185347
18.539513 7.130863
18.572858 7.183379
18.606202 6.768634
18.639547 6.996405
18.672891 5.922285
18.706235 8.611319
18.739580 6.613002
18.772924 7.013954
18.806269 7.330094
18.839613 7.731266
18.872958 7.688094
18.906302 7.271225
18.939647 6.525784
18.972991 7.356367
19.006335 6.003557
19.039680 6.743807
19.073024 7.821898
19.106369 6.931774
19.139713 7.400620
19.173058 7.873207
19.206402 7.758124
19.239747 7.496892
19.273091 6.717047
19.306435 6.801315
19.339780 6.546166
19.373124 6.935527
19.406469 7.098389
19.439813 6.441831
19.473158 6.613345
19.506502 5.053450
19.539847 5.904073
19.573191 6.263695
19.606536 5.669068
19.639880 5.886320
19.673224 6.497203
19.706569 6.147569
19.739913 6.086887
19.773258 6.613119
19.806602 6.090243
19.839947 6.958285
19.873291 6.287309
19.906636 6.256604
19.939980 5.826738
19.973324 6.350481
20.006669 5.455722
20.040013 5.382839
20.073358 5.920436
20.106702 6.069327
20.140047 6.059206
20.173391 5.644072
20.206736 5.956735
20.240080 5.512690
20.273424 5.543211
20.306769 6.843954
20.340113 4.841360
20.373458 5.098145
20.406802 5.591418
20.440147 5.835626
20.473491 5.859938
20.506836 5.884223
20.540180 5.239424
20.573525 5.985891
20.606869 5.055688
20.640213 4.828081
20.673558 5.645395
20.706902 4.844146
20.740247 5.011439
20.773591 5.240055
20.806936 6.192918
20.840280 5.164529
20.873625 4.093410
20.906969 5.487392
20.940313 4.998456
20.973658 4.650075
21.007002 5.435528
21.040347 5.112369
21.073691 4.990592
21.107036 5.389065
21.140380 4.816274
21.173725 4.753394
21.207069 3.922681
21.240413 3.977621
21.273758 4.112709
21.307102 4.239238
21.340447 4.529588
21.373791 4.636119
21.407136 4.053163
21.440480 3.344832
21.473825 4.112354
21.507169 4.155779
21.540514 4.953887
21.573858 4.608928
21.607202 4.481507
21.640547 4.565026
21.673891 4.465864
21.707236 4.606437
21.740580 3.718794
21.773925 4.295349
21.807269 4.233304
21.840614 4.138505
21.873958 4.076113
21.907302 4.273154
21.940647 4.061691
21.973991 3.998078
22.007336 4.095855
22.040680 3.762499
22.074025 4.178741
22.107369 4.756618
22.140714 3.539782
22.174058 3.442355
22.207402 3.670152
22.240747 3.640096
22.274091 3.545322
22.307436 4.131457
22.340780 3.445941
22.374125 2.293721
22.407469 2.390259
22.440814 3.386107
22.474158 2.600633
22.507503 3.215116
22.540847 3.222260
22.574191 3.177624
22.607536 2.023019
22.640880 2.011361
22.674225 2.282027
22.707569 2.999125
22.740914 3.492316
22.774258 2.797209
22.807603 2.194931
22.840947 3.635142
22.874291 2.128995
22.907636 2.532643
22.940980 3.315008
22.974325 2.772193
23.007669 2.259044
23.041014 2.485302
23.074358 2.620687
23.107703 2.388465
23.141047 2.573922
23.174391 2.344466
23.207736 2.631752
23.241080 2.669873
23.274425 2.022396
23.307769 2.339254
23.341114 2.781532
23.374458 1.672372
23.407803 2.340835
23.441147 2.792794
23.474491 1.556751
23.507836 1.376078
23.541180 2.261718
23.574525 1.204842
23.607869 1.830082
23.641214 1.594942
23.674558 1.943146
23.707903 1.355339
23.741247 1.786920
23.774592 2.092960
23.807936 1.622399
23.841280 1.859285
23.874625 0.952491
23.907969 1.984091
23.941314 0.809557
23.974658 1.818989
24.008003 1.794722
24.041347 2.063840
24.074692 1.285012
24.108036 1.597581
24.141380 1.445809
24.174725 1.393040
24.208069 0.935568
24.241414 1.261960
24.274758 0.661024
24.308103 0.321902
24.341447 2.192006
24.374792 1.298738
24.408136 1.460905
24.441480 1.205146
24.474825 0.775336
24.508169 0.789367
24.541514 0.457151
24.574858 1.128242
24.608203 1.184752
24.641547 -0.295376
24.674892 0.708609
24.708236 1.094213
24.741581 1.522173
24.774925 0.369509
24.808269 0.161539
24.841614 1.186202
24.874958 0.243776
24.908303 0.240716
24.941647 -0.462252
24.974992 0.458783
25.008336 0.129338
25.041681 -0.402314
25.075025 0.228140
25.108369 0.064985
25.141714 -0.397331
25.175058 0.068541
25.208403 -0.513298
25.241747 -0.704480
25.275092 0.047413
25.308436 -1.099577
25.341781 0.399154
25.375125 -0.553412
25.408469 -1.360746
25.441814 -1.296215
25.475158 -0.042466
25.508503 -0.669914
25.541847 0.084386
25.575192 -1.123100
25.608536 -0.076503
25.641881 -0.414408
25.675225 -0.490516
25.708570 -0.162454
25.741914 -0.589555
25.775258 -0.884990
25.808603 0.515873
25.841947 -0.582623
25.875292 -0.575282
25.908636 -2.159602
25.941981 -1.602519
25.975325 -1.233938
26.008670 -0.742995
26.042014 -1.383663
26.075358 -1.458599
26.108703 -0.885105
26.142047 -0.862986
26.175392 -1.417961
26.208736 -0.589140
26.242081 -2.008042
26.275425 -1.347959
26.308770 -2.025168
26.342114 -1.336486
26.375458 -1.797155
26.408803 -1.885878
26.442147 -1.571183
26.475492 -2.002864
26.508836 -2.486307
26.542181 -2.906944
26.575525 -1.809896
26.608870 -0.827191
26.642214 -1.895191
26.675559 -2.078298
26.708903 -1.104825
26.742247 -2.268195
26.775592 -2.355572
26.808936 -2.843047
26.842281 -2.270108
26.875625 -1.821767
26.908970 -2.335959
26.942314 -2.795255
26.975659 -2.242859
27.009003 -3.054543
27.042347 -2.026501
27.075692 -3.083857
27.109036 -2.366164
27.142381 -2.972514
27.175725 -2.463091
27.209070 -2.411366
27.242414 -2.655610
27.275759 -2.336200
27.309103 -2.846865
27.342447 -2.340396
27.375792 -3.695956
27.409136 -2.575935
27.442481 -2.419687
27.475825 -3.119636
27.509170 -2.562876
27.542514 -2.708107
27.575859 -4.276673
27.609203 -2.852429
27.642548 -3.565504
27.675892 -3.840311
27.709236 -3.399919
27.742581 -3.311340
27.775925 -2.911963
27.809270 -2.288113
27.842614 -2.901100
27.875959 -2.501361
27.909303 -3.353069
27.942648 -2.542053
27.975992 -4.375340
28.009336 -3.162058
28.042681 -3.015499
28.076025 -4.220580
28.109370 -3.427356
28.142714 -3.665835
28.176059 -3.703169
28.209403 -4.151595
28.242748 -2.674540
28.276092 -4.399648
28.309436 -5.119853
28.342781 -4.441197
28.376125 -3.700342
28.409470 -3.781919
28.442814 -3.345888
28.476159 -4.050188
28.509503 -4.367279
28.542848 -4.123995
28.576192 -3.503347
28.609537 -3.796231
28.642881 -4.020159
28.676225 -4.103480
28.709570 -5.108244
28.742914 -5.192695
28.776259 -3.973760
28.809603 -5.166523
28.842948 -4.229267
28.876292 -5.199952
28.909637 -4.117930
28.942981 -4.671311
28.976325 -4.766195
29.009670 -4.813891
29.043014 -5.080740
29.076359 -5.072635
29.109703 -5.187173
29.143048 -5.004429
29.176392 -4.649472
29.209737 -4.873434
29.243081 -4.642791
29.276425 -3.958077
29.309770 -4.632595
29.343114 -5.517337
29.376459 -5.225987
29.409803 -5.295843
29.443148 -4.635815
29.476492 -4.791061
29.509837 -5.214420
29.543181 -4.958959
29.576526 -5.580359
29.609870 -5.165718
29.643214 -5.261418
29.676559 -5.253379
29.709903 -4.722757
29.743248 -5.976041
29.776592 -4.413893
29.809937 -5.064691
29.843281 -6.229805
29.876626 -6.143687
29.909970 -6.097137
29.943314 -6.163292
29.976659 -5.850836
30.010003 -6.427364
30.043348 -5.219019
30.076692 -5.583937
30.110037 -5.711029
30.143381 -6.507543
30.176726 -5.967550
30.210070 -5.534641
30.243414 -5.721580
30.276759 -7.203202
30.310103 -5.677068
30.343448 -5.891669
30.376792 -6.332615
30.410137 -5.440025
30.443481 -6.328827
30.476826 -6.650964
30.510170 -6.513460
30.543515 -6.405255
30.576859 -6.481063
30.610203 -6.549211
30.643548 -6.945685
30.676892 -5.695344
30.710237 -6.310524
30.743581 -6.496177
30.776926 -6.975601
30.810270 -7.608480
30.843615 -6.559009
30.876959 -6.676058
30.910303 -6.889838
30.943648 -6.400227
30.976992 -6.850612
31.010337 -6.045473
31.043681 -7.428833
31.077026 -7.290422
31.110370 -7.269934
31.143715 -6.594725
31.177059 -7.607665
31.210403 -7.035368
31.243748 -6.380800
31.277092 -6.683940
31.310437 -6.314941
31.343781 -6.847707
31.377126 -5.907198
31.410470 -6.046962
31.443815 -6.923912
31.477159 -6.603589
31.510504 -8.012134
31.543848 -7.481405
31.577192 -7.155502
31.610537 -8.126392
31.643881 -6.640646
31.677226 -7.369122
31.710570 -7.774768
31.743915 -8.040966
31.777259 -8.161848
31.810604 -6.822128
31.843948 -6.911862
31.877292 -7.961072
31.910637 -7.474284
31.943981 -6.149036
31.977326 -7.762454
32.010670 -7.061663
32.044015 -7.356767
32.077359 -7.701436
32.110704 -7.788081
32.144048 -7.809879
32.177392 -7.487847
32.210737 -6.938075
32.244081 -7.956297
32.277426 -6.886461
32.310770 -7.169790
32.344115 -7.536422
32.377459 -7.306795
32.410804 -7.946526
32.444148 -7.978414
32.477492 -8.703107
32.510837 -8.237175
32.544181 -8.428532
32.577526 -7.340333
32.610870 -8.056759
32.644215 -8.276953
32.677559 -8.571264
32.710904 -8.624879
32.744248 -8.414545
32.777593 -7.938134
32.810937 -8.866146
32.844281 -7.819252
32.877626 -8.109971
32.910970 -8.432071
32.944315 -7.912442
32.977659 -7.436708
33.011004 -8.220586
33.044348 -8.328326
33.077693 -7.330829
33.111037 -8.860563
33.144381 -8.144750
33.177726 -9.191637
33.211070 -8.137603
33.244415 -7.651990
33.277759 -9.121775
33.311104 -9.016804
33.344448 -7.937482
33.377793 -9.126707
33.411137 -7.885159
33.444481 -8.694709
33.477826 -9.062155
33.511170 -8.552140
33.544515 -8.212060
33.577859 -9.380234
33.611204 -9.383784
33.644548 -9.358398
33.677893 -8.334914
33.711237 -8.386873
33.744582 -9.217503
33.777926 -9.530482
33.811270 -8.543195
33.844615 -8.906605
33.877959 -9.282710
33.911304 -8.337862
33.944648 -8.739730
33.977993 -9.388499
34.011337 -9.460086
34.044682 -9.231007
34.078026 -9.622110
34.111370 -7.989532
34.144715 -8.092056
34.178059 -9.479308
34.211404 -9.098978
34.244748 -8.703384
34.278093 -7.924884
34.311437 -7.979556
34.344782 -9.120659
34.378126 -9.088850
34.411470 -9.497401
34.444815 -9.188606
34.478159 -8.948085
34.511504 -10.414137
34.544848 -9.174402
34.578193 -9.554128
34.611537 -8.790508
34.644882 -9.132126
34.678226 -9.842050
34.711571 -9.745487
34.744915 -9.942743
34.778259 -9.971237
34.811604 -9.168420
34.844948 -9.220060
34.878293 -9.102956
34.911637 -9.301748
34.944982 -10.543164
34.978326 -9.029455
35.011671 -10.732579
35.045015 -9.190680
35.078359 -9.668558
35.111704 -9.214153
35.145048 -9.283431
35.178393 -9.853305
35.211737 -9.702662
35.245082 -9.082174
35.278426 -9.340954
35.311771 -9.631607
35.345115 -9.353550
35.378459 -9.688574
35.411804 -9.843532
35.445148 -9.379403
35.478493 -9.816579
35.511837 -10.387988
35.545182 -10.307688
35.578526 -10.091344
35.611871 -9.500528
35.645215 -10.155701
35.678560 -9.101865
35.711904 -9.161468
35.745248 -9.461029
35.778593 -9.225541
35.811937 -9.629080
35.845282 -9.713953
35.878626 -9.178647
35.911971 -10.209378
35.945315 -9.188141
35.978660 -9.836808
36.012004 -9.705333
36.045348 -9.663232
36.078693 -10.166481
36.112037 -9.628859
36.145382 -10.160967
36.178726 -10.372473
36.212071 -9.776387
36.245415 -9.688256
36.278760 -8.906549
36.312104 -9.726089
36.345448 -9.938287
36.378793 -10.538952
36.412137 -10.046497
36.445482 -10.501771
36.478826 -10.525235
36.512171 -8.962518
36.545515 -10.401595
36.578860 -9.986768
36.612204 -9.178700
36.645549 -9.286476
36.678893 -9.647960
36.712237 -9.748500
36.745582 -8.949537
36.778926 -10.451494
36.812271 -10.723112
36.845615 -10.316153
36.878960 -9.738502
36.912304 -10.293770
36.945649 -9.596723
36.978993 -10.445732
37.012337 -9.450914
37.045682 -9.845447
37.079026 -9.663005
37.112371 -9.784227
37.145715 -10.250600
37.179060 -10.828293
37.212404 -10.206756
37.245749 -10.394613
37.279093 -10.459697
37.312437 -9.483704
37.345782 -9.167862
37.379126 -9.260161
37.412471 -10.535528
37.445815 -10.406399
37.479160 -11.284221
37.512504 -10.231513
37.545849 -9.647050
37.579193 -10.054517
37.612538 -10.748680
37.645882 -9.972982
37.679226 -10.059321
37.712571 -10.550258
37.745915 -9.793913
37.779260 -9.791255
37.812604 -9.994066
37.845949 -9.528439
37.879293 -10.497056
37.912638 -10.278572
37.945982 -9.090065
37.979326 -9.535372
38.012671 -10.006958
38.046015 -10.719423
38.079360 -9.743190
38.112704 -10.546252
38.146049 -9.431258
38.179393 -10.565383
38.212738 -10.379816
38.246082 -10.454167
38.279426 -10.031713
38.312771 -9.638868
38.346115 -10.364378
38.379460 -10.235358
38.412804 -10.185038
38.446149 -9.789472
38.479493 -10.019377
38.512838 -9.728516
38.546182 -9.318527
38.579527 -9.426239
38.612871 -9.958497
38.646215 -9.446474
38.679560 -9.355462
38.712904 -9.974556
38.746249 -10.623978
38.779593 -8.890820
38.812938 -9.782544
38.846282 -9.664175
38.879627 -8.662469
38.912971 -9.502519
38.946315 -9.272173
38.979660 -9.464193
39.013004 -9.931343
39.046349 -9.534173
39.079693 -9.089964
39.113038 -10.008493
39.146382 -9.307010
39.179727 -9.749484
39.213071 -9.456168
39.246415 -10.245081
39.279760 -9.045942
39.313104 -9.995189
39.346449 -10.583520
39.379793 -9.511610
39.413138 -9.546893
39.446482 -10.458560
39.479827 -9.788152
39.513171 -10.347554
39.546516 -10.097653
39.579860 -9.262721
39.613204 -9.391337
39.646549 -8.916313
39.679893 -9.752556
39.713238 -9.692630
39.746582 -9.346486
39.779927 -8.942489
39.813271 -8.872013
39.846616 -9.717046
39.879960 -9.447291
39.913304 -10.004656
39.946649 -9.032511
39.979993 -9.563636
40.013338 -9.573428
40.046682 -9.993985
40.080027 -9.150389
40.113371 -9.431108
40.146716 -9.443649
40.180060 -9.949528
40.213404 -9.728489
40.246749 -8.884739
40.280093 -9.233611
40.313438 -9.438316
40.346782 -8.889130
40.380127 -8.902252
40.413471 -9.511939
40.446816 -10.315963
40.480160 -9.508915
40.513505 -9.675047
40.546849 -9.435581
40.580193 -8.779625
40.613538 -9.121627
40.646882 -10.181413
40.680227 -9.041231
40.713571 -9.481545
40.746916 -9.263196
40.780260 -9.250263
40.813605 -8.639234
40.846949 -9.961088
40.880293 -8.859618
40.913638 -8.818618
40.946982 -8.954665
40.980327 -8.815122
41.013671 -9.326434
41.047016 -9.908839
41.080360 -8.263327
41.113705 -9.217072
41.147049 -9.009200
41.180393 -9.304584
41.213738 -9.023612
41.247082 -8.364224
41.280427 -9.299026
41.313771 -9.130509
41.347116 -9.373433
41.380460 -8.468511
41.413805 -8.914610
41.447149 -8.752429
41.480493 -9.207424
41.513838 -9.153879
41.547182 -8.682186
41.580527 -8.493696
41.613871 -8.195607
41.647216 -8.154128
41.680560 -9.083470
41.713905 -8.800734
41.747249 -8.824150
41.780594 -8.871938
41.813938 -8.734334
41.847282 -9.426216
41.880627 -9.180612
41.913971 -7.921821
41.947316 -8.451319
41.980660 -8.314981
42.014005 -8.403893
42.047349 -8.610443
42.080694 -8.238877
42.114038 -8.618572
42.147382 -8.849786
42.180727 -8.620812
42.214071 -8.472114
42.247416 -8.266621
42.280760 -7.882593
42.314105 -8.262817
42.347449 -8.097740
42.380794 -8.821196
42.414138 -8.075985
42.447482 -7.986339
42.480827 -9.039990
42.514171 -7.991360
42.547516 -8.245048
42.580860 -8.257933
42.614205 -8.697559
42.647549 -8.526904
42.680894 -8.026472
42.714238 -8.044872
42.747583 -8.368772
42.780927 -8.097276
42.814271 -8.416673
42.847616 -8.027085
42.880960 -8.192315
42.914305 -7.932745
42.947649 -8.883257
42.980994 -7.724277
43.014338 -7.981618
43.047683 -7.299593
43.081027 -8.316945
43.114371 -7.141040
43.147716 -7.878662
43.181060 -7.511026
43.214405 -6.996211
43.247749 -7.657516
43.281094 -7.963870
43.314438 -7.450399
43.347783 -7.887714
43.381127 -6.560766
43.414471 -7.942037
43.447816 -7.241822
43.481160 -7.670919
43.514505 -7.344811
43.547849 -7.860972
43.581194 -7.132177
43.614538 -6.929833
43.647883 -6.713501
43.681227 -7.371161
43.714572 -7.826596
43.747916 -7.014969
43.781260 -7.324740
43.814605 -7.412329
43.847949 -6.695487
43.881294 -6.517560
43.914638 -7.146829
43.947983 -7.130442
43.981327 -7.560808
44.014672 -6.409483
44.048016 -7.242089
44.081360 -7.084165
44.114705 -7.433680
44.148049 -7.029585
44.181394 -6.862153
44.214738 -6.507846
44.248083 -7.243885
44.281427 -6.697294
44.314772 -6.711168
44.348116 -6.237799
44.381460 -6.616310
44.414805 -6.100522
44.448149 -6.574905
44.481494 -6.917074
44.514838 -6.702180
44.548183 -7.032582
44.581527 -6.021231
44.614872 -6.088507
44.648216 -6.337220
44.681561 -6.783206
44.714905 -6.791521
44.748249 -6.650568
44.781594 -6.366018
44.814938 -5.827729
44.848283 -6.295065
44.881627 -6.073895
44.914972 -6.482489
44.948316 -6.223564
44.981661 -6.735618
45.015005 -5.994646
45.048349 -6.814420
45.081694 -5.592044
45.115038 -6.295300
45.148383 -6.330962
45.181727 -5.880677
45.215072 -5.703491
45.248416 -5.066002
45.281761 -6.175481
45.315105 -6.961058
45.348449 -5.522986
45.381794 -4.534439
45.415138 -5.453024
45.448483 -5.075048
45.481827 -6.068042
45.515172 -6.457962
45.548516 -5.496543
45.581861 -5.580313
45.615205 -5.605894
45.648550 -5.610356
45.681894 -5.040564
45.715238 -5.147521
45.748583 -4.847047
45.781927 -4.616163
45.815272 -4.179662
45.848616 -4.413047
45.881961 -4.393067
45.915305 -5.368037
45.948650 -4.583419
45.981994 -4.056222
46.015338 -4.521851
46.048683 -5.322130
46.082027 -4.723058
46.115372 -4.660244
46.148716 -4.996619
46.182061 -5.279043
46.215405 -5.262983
46.248750 -4.792651
46.282094 -5.251748
46.315438 -3.979974
46.348783 -5.654760
46.382127 -4.633179
46.415472 -3.884589
46.448816 -4.497652
46.482161 -4.599225
46.515505 -4.853869
46.548850 -4.670183
46.582194 -4.330337
46.615539 -4.269806
46.648883 -4.158588
46.682227 -3.976519
46.715572 -4.370491
46.748916 -4.743153
46.782261 -4.167524
46.815605 -3.265738
46.848950 -4.397236
46.882294 -4.845073
46.915639 -5.074142
46.948983 -4.128375
46.982327 -3.929470
47.015672 -4.011702
47.049016 -3.741374
47.082361 -4.026759
47.115705 -4.537986
47.149050 -3.615301
47.182394 -2.743417
47.215739 -4.153140
47.249083 -3.774730
47.282427 -2.689785
47.315772 -3.262775
47.349116 -3.413662
47.382461 -3.952763
47.415805 -3.379252
47.449150 -3.177673
47.482494 -3.005712
47.515839 -3.782095
47.549183 -3.236897
47.582528 -2.662026
47.615872 -3.128078
47.649216 -3.427434
47.682561 -1.960566
47.715905 -3.037231
47.749250 -3.492871
47.782594 -3.439757
47.815939 -3.064814
47.849283 -1.748882
47.882628 -2.618175
47.915972 -2.495159
47.949316 -2.393131
47.982661 -2.877046
48.016005 -3.403889
48.049350 -3.129924
48.082694 -2.078500
48.116039 -2.394217
48.149383 -2.867170
48.182728 -2.519756
48.216072 -2.601348
48.249416 -2.158607
48.282761 -1.951690
48.316105 -2.797449
48.349450 -2.439042
48.382794 -2.824579
48.416139 -2.629767
48.449483 -2.092799
48.482828 -3.103993
48.516172 -2.066070
48.549517 -2.405715
48.582861 -1.915236
48.616205 -2.489524
48.649550 -1.632077
48.682894 -2.019090
48.716239 -1.890822
48.749583 -2.832433
48.782928 -2.054093
48.816272 -1.036057
48.849617 -1.121367
48.882961 -1.367565
48.916305 -0.845358
48.949650 -0.822203
48.982994 -1.633058
49.016339 -2.022245
49.049683 -1.486027
49.083028 -1.489038
49.116372 -1.604912
49.149717 -1.264228
49.183061 -1.131839
49.216405 0.277053
49.249750 -1.238282
49.283094 -1.815502
49.316439 -1.178747
49.349783 -2.305340
49.383128 -1.055328
49.416472 -1.042526
49.449817 -0.631438
49.483161 -0.743005
49.516506 -0.992534
49.549850 -1.401625
49.583194 -1.865150
49.616539 -1.220097
49.649883 -1.158620
49.683228 -0.173958
49.716572 -0.790171
49.749917 -0.968630
49.783261 -1.702401
49.816606 -0.532052
49.849950 -0.659690
49.883294 -0.132002
49.916639 -0.878830
49.949983 0.539040
49.983328 -0.082556
50.016672 -0.888579
50.050017 0.388709
50.083361 -0.177273
50.116706 -0.677811
50.150050 0.070368
50.183394 0.196252
50.216739 -0.084388
50.250083 -0.527859
50.283428 0.029031
50.316772 0.462473
50.350117 -0.196001
50.383461 1.041593
50.416806 0.086790
50.450150 -0.428149
50.483494 -0.458170
50.516839 1.349732
50.550183 0.551196
50.583528 0.506576
50.616872 0.469002
50.650217 -0.379481
50.683561 0.762546
50.716906 0.413395
50.750250 0.546528
50.783595 1.772526
50.816939 0.511579
50.850283 1.052735
50.883628 0.840030
50.916972 0.597251
50.950317 0.691806
50.983661 1.054130
51.017006 0.778554
51.050350 0.694206
51.083695 1.021637
51.117039 0.749605
51.150383 1.653474
51.183728 1.078294
51.217072 1.701451
51.250417 1.207282
51.283761 1.469039
51.317106 1.650457
51.350450 1.646708
51.383795 0.712295
51.417139 1.329275
51.450483 2.090645
51.483828 1.959531
51.517172 0.312406
51.550517 1.472724
51.583861 1.287204
51.617206 1.026622
51.650550 1.452533
51.683895 1.330200
51.717239 2.127650
51.750584 2.361923
51.783928 1.638534
51.817272 2.384560
51.850617 2.225296
51.883961 1.711261
51.917306 1.876973
51.950650 2.201212
51.983995 2.701628
52.017339 1.713235
52.050684 2.414984
52.084028 2.861265
52.117372 2.045519
52.150717 2.089596
52.184061 3.283374
52.217406 2.192801
52.250750 2.642759
52.284095 2.362418
52.317439 3.133939
52.350784 2.386774
52.384128 1.809807
52.417472 2.078067
52.450817 2.069771
52.484161 2.627701
52.517506 2.318774
52.550850 1.804590
52.584195 3.002350
52.617539 2.832747
52.650884 3.582986
52.684228 2.524159
52.717573 3.004819
52.750917 2.667825
52.784261 3.877593
52.817606 3.679908
52.850950 3.264587
52.884295 3.077514
52.917639 4.077036
52.950984 2.669981
52.984328 3.919276
53.017673 3.220006
53.051017 2.980919
53.084361 3.742968
53.117706 3.394718
53.151050 3.677206
53.184395 3.333079
53.217739 2.981335
53.251084 4.421127
53.284428 2.839174
53.317773 3.919496
53.351117 3.626621
53.384461 2.925122
53.417806 4.313479
53.451150 3.734333
53.484495 4.144611
53.517839 4.676035
53.551184 4.182746
53.584528 4.598589
53.617873 4.065793
53.651217 3.868486
53.684562 3.425352
53.717906 4.575264
53.751250 3.804720
53.784595 4.339618
53.817939 4.128076
53.851284 4.115304
53.884628 4.591685
53.917973 4.687701
53.951317 4.865439
53.984662 5.020266
54.018006 4.543329
54.051350 3.817884
54.084695 4.503203
54.118039 4.336173
54.151384 4.432964
54.184728 4.119141
54.218073 3.671339
54.251417 3.658618
54.284762 4.639994
54.318106 6.024864
54.351450 4.735378
54.384795 4.678990
54.418139 5.382254
54.451484 4.614390
54.484828 5.648627
54.518173 4.065019
54.551517 5.344166
54.584862 4.081813
54.618206 5.739142
54.651551 5.307474
54.684895 5.929255
54.718239 5.345559
54.751584 5.221702
54.784928 5.781524
54.818273 6.100750
54.851617 4.723170
54.884962 5.252454
54.918306 6.194219
54.951651 6.271258
54.984995 6.229534
55.018339 5.087040
55.051684 5.723345
55.085028 5.843906
55.118373 6.703070
55.151717 5.713324
55.185062 5.220481
55.218406 5.665310
55.251751 5.468533
55.285095 6.640534
55.318439 5.138733
55.351784 5.733300
55.385128 6.115502
55.418473 6.873562
55.451817 6.183118
55.485162 5.544649
55.518506 7.172888
55.551851 6.274655
55.585195 5.916169
55.618540 5.379401
55.651884 6.094079
55.685228 5.745162
55.718573 6.792268
55.751917 6.713493
55.785262 6.813128
55.818606 7.165061
55.851951 5.590292
55.885295 6.429199
55.918640 7.100802
55.951984 6.987802
55.985328 5.155558
56.018673 6.019453
56.052017 7.417765
56.085362 6.173613
56.118706 6.792496
56.152051 6.122609
56.185395 6.938995
56.218740 7.334068
56.252084 7.414602
56.285428 6.087737
56.318773 6.525344
56.352117 7.083376
56.385462 7.152413
56.418806 6.706042
56.452151 6.054983
56.485495 6.875093
56.518840 6.223735
56.552184 7.030685
56.585529 6.955540
56.618873 7.675800
56.652217 7.389834
56.685562 6.431606
56.718906 7.585407
56.752251 6.219988
56.785595 7.625656
56.818940 7.310135
56.852284 7.202880
56.885629 6.768089
56.918973 7.946194
56.952317 8.041089
56.985662 7.298860
57.019006 6.886685
57.052351 8.418663
57.085695 7.394469
57.119040 7.379007
57.152384 6.843251
57.185729 7.221542
57.219073 8.019852
57.252417 7.699097
57.285762 7.823412
57.319106 7.752097
57.352451 6.311082
57.385795 7.078454
57.419140 7.566010
57.452484 8.022324
57.485829 8.086301
57.519173 7.283344
57.552518 7.036754
57.585862 8.291808
57.619206 7.703371
57.652551 8.390723
57.685895 8.603186
57.719240 8.459348
57.752584 8.296283
57.785929 8.170015
57.819273 8.377024
57.852618 8.803335
57.885962 7.895120
57.919306 8.803413
57.952651 8.664087
57.985995 7.473361
58.019340 8.141469
58.052684 8.271682
58.086029 8.100899
58.119373 7.714963
58.152718 7.515005
58.186062 9.145117
58.219406 9.107183
58.252751 7.989104
58.286095 9.130031
58.319440 8.262138
58.352784 8.950346
58.386129 8.702677
58.419473 8.294685
58.452818 7.515025
58.486162 8.489166
58.519507 8.444428
58.552851 7.850024
58.586195 8.294855
58.619540 7.455245
58.652884 8.894352
58.686229 9.055865
58.719573 7.852456
58.752918 8.058525
58.786262 8.918554
58.819607 9.300817
58.852951 8.785370
58.886295 8.875506
58.919640 8.110931
58.952984 8.748018
58.986329 8.466062
59.019673 8.973554
59.053018 8.937690
59.086362 9.287274
59.119707 8.878017
59.153051 8.306800
59.186395 9.932253
59.219740 8.538670
59.253084 8.760015
59.286429 8.256663
59.319773 9.023781
59.353118 8.940833
59.386462 8.997015
59.419807 8.890098
59.453151 9.185437
59.486495 8.902419
59.519840 8.184699
59.553184 9.168839
59.586529 8.923207
59.619873 9.104644
59.653218 9.076247
59.686562 8.702738
59.719907 9.080637
59.753251 8.893610
59.786596 9.300853
59.819940 8.580382
59.853284 9.145167
59.886629 9.229970
59.919973 9.262610
59.953318 9.569562
59.986662 9.461596
60.020007 10.135528
60.053351 9.649721
60.086696 10.025394
60.120040 9.748020
60.153384 8.913629
60.186729 9.139193
60.220073 9.560606
60.253418 9.815259
60.286762 9.783900
60.320107 8.865109
60.353451 9.487034
60.386796 9.383574
60.420140 10.483978
60.453484 9.879091
60.486829 8.896147
60.520173 9.763907
60.553518 8.840070
60.586862 9.691196
60.620207 9.350724
60.653551 9.200299
60.686896 9.538887
60.720240 9.198632
60.753585 9.199827
60.786929 9.754901
60.820273 9.964788
60.853618 8.622830
60.886962 9.768067
60.920307 9.086390
60.953651 9.984081
60.986996 9.773933
61.020340 9.115825
61.053685 9.406908
61.087029 10.474860
61.120373 9.876017
61.153718 9.389190
61.187062 9.162517
61.220407 9.882429
61.253751 10.312056
61.287096 9.599908
61.320440 8.588200
61.353785 10.091470
61.387129 9.117321
61.420473 10.530232
61.453818 10.320550
61.487162 10.415520
61.520507 10.093197
61.553851 9.332360
61.587196 8.973076
61.620540 10.338030
61.653885 9.856491
61.687229 10.882030
61.720574 8.959653
61.753918 10.714012
61.787262 9.821420
61.820607 9.290897
61.853951 9.633054
61.887296 10.145883
61.920640 9.943810
61.953985 9.498190
61.987329 8.568356
62.020674 11.135638
62.054018 9.754749
62.087362 10.996650
62.120707 10.626700
62.154051 9.618344
62.187396 9.652728
62.220740 8.891363
62.254085 9.907115
62.287429 9.812928
62.320774 10.055741
62.354118 9.491517
62.387462 9.938810
62.420807 9.547361
62.454151 9.625674
62.487496 10.048121
62.520840 10.602347
62.554185 10.174965
62.587529 9.905113
62.620874 10.593198
62.654218 9.739645
62.687563 9.680563
62.720907 10.612219
62.754251 10.139040
62.787596 9.620471
62.820940 10.475255
62.854285 10.596364
62.887629 9.367235
62.920974 9.978833
62.954318 11.244318
62.987663 9.468274
63.021007 10.187215
63.054351 10.997699
63.087696 10.223723
63.121040 10.518111
63.154385 10.028450
63.187729 9.334777
63.221074 10.596401
63.254418 9.964237
63.287763 9.777903
63.321107 9.869649
63.354451 9.867411
63.387796 9.326869
63.421140 8.969703
63.454485 10.487752
63.487829 10.627663
63.521174 10.390144
63.554518 9.590809
63.587863 9.523928
63.621207 10.061705
63.654552 10.137822
63.687896 9.911990
63.721240 10.333204
63.754585 9.793176
63.787929 10.521478
63.821274 9.998210
63.854618 9.504060
63.887963 9.937014
63.921307 10.810424
63.954652 9.406376
63.987996 9.713555
64.021340 10.607922
64.054685 9.840814
64.088029 10.757060
64.121374 9.769247
64.154718 9.679147
64.188063 9.594789
64.221407 10.430544
64.254752 9.900145
64.288096 9.651375
64.321440 9.231756
64.354785 9.752746
64.388129 10.329084
64.421474 9.097140
64.454818 9.280026
64.488163 9.164973
64.521507 9.871823
64.554852 10.107939
64.588196 10.336609
64.621541 10.601583
64.654885 10.024111
64.688229 10.855138
64.721574 10.113013
64.754918 9.703293
64.788263 9.070219
64.821607 10.451396
64.854952 9.383952
64.888296 8.965907
64.921641 9.232161
64.954985 9.867480
64.988329 9.969686
65.021674 10.014611
65.055018 9.696034
65.088363 10.007801
65.121707 9.706436
65.155052 9.974864
65.188396 9.475271
65.221741 9.782282
65.255085 8.471063
65.288429 11.191411
65.321774 8.950659
65.355118 9.012952
65.388463 9.423078
65.421807 9.459610
65.455152 9.444891
65.488496 9.487331
65.521841 9.353870
65.555185 9.078113
65.588530 9.154822
65.621874 8.508519
65.655218 9.244691
65.688563 9.593736
65.721907 8.685430
65.755252 9.751538
65.788596 8.191491
65.821941 9.528454
65.855285 9.559220
65.888630 8.402202
65.921974 9.140883
65.955318 9.700458
65.988663 8.782989
66.022007 10.182418
66.055352 9.638773
66.088696 8.963380
66.122041 8.824358
66.155385 10.185671
66.188730 8.703172
66.222074 9.524517
66.255418 8.930176
66.288763 8.660033
66.322107 10.121107
66.355452 8.374433
66.388796 8.273895
66.422141 8.613639
66.455485 9.518830
66.488830 9.110317
66.522174 8.740585
66.555519 9.778290
66.588863 7.865472
66.622207 8.983681
66.655552 8.393322
66.688896 8.843814
66.722241 8.233908
66.755585 8.245688
66.788930 8.605062
66.822274 8.446098
66.855619 9.667393
66.888963 8.715020
66.922307 8.472661
66.955652 8.084507
66.988996 9.303923
67.022341 9.030423
67.055685 7.969527
67.089030 8.909534
67.122374 9.211853
67.155719 8.474912
67.189063 8.860120
67.222407 8.599606
67.255752 8.400284
67.289096 8.432915
67.322441 8.874332
67.355785 8.139068
67.389130 9.069019
67.422474 8.838931
67.455819 8.407421
67.489163 8.806636
67.522508 8.517368
67.555852 8.756170
67.589196 8.848156
67.622541 8.611243
67.655885 8.515539
67.689230 8.327618
67.722574 7.485817
67.755919 8.494871
67.789263 8.437423
67.822608 7.757054
67.855952 8.328673
67.889296 7.771952
67.922641 8.423948
67.955985 8.432332
67.989330 8.202963
68.022674 6.699414
68.056019 7.777652
68.089363 7.317186
68.122708 7.435154
68.156052 7.043020
68.189396 8.034485
68.222741 7.992190
68.256085 7.978482
68.289430 8.056169
68.322774 7.827500
68.356119 7.350273
68.389463 7.135305
68.422808 7.989216
68.456152 7.971154
68.489496 7.643610
68.522841 7.818630
68.556185 8.041694
68.589530 6.953435
68.622874 7.564729
68.656219 6.426406
68.689563 7.602001
68.722908 7.466915
68.756252 6.654306
68.789597 7.978637
68.822941 7.012443
68.856285 7.097692
68.889630 7.489532
68.922974 7.709780
68.956319 7.615239
68.989663 7.344548
69.023008 7.902911
69.056352 7.777676
69.089697 7.900921
69.123041 7.304833
69.156385 7.557763
69.189730 6.820224
69.223074 8.237110
69.256419 6.808085
69.289763 6.622357
69.323108 7.254504
69.356452 7.652824
69.389797 6.601698
69.423141 6.736299
69.456485 6.947436
69.489830 6.805814
69.523174 7.212469
69.556519 6.276728
69.589863 6.845621
69.623208 5.732296
69.656552 6.837514
69.689897 6.161637
69.723241 6.556981
69.756586 7.168123
69.789930 5.180957
69.823274 6.553574
69.856619 6.461339
69.889963 6.404477
69.923308 6.655008
69.956652 6.579865
69.989997 6.353696
70.023341 6.076376
70.056686 5.719288
70.090030 5.908350
70.123374 6.286887
70.156719 5.710714
70.190063 6.565238
70.223408 5.667226
70.256752 6.087210
70.290097 6.346411
70.323441 5.495405
70.356786 6.108839
70.390130 5.353440
70.423474 6.798514
70.456819 5.609727
70.490163 5.924822
70.523508 5.903413
70.556852 5.463355
70.590197 6.799647
70.623541 5.816532
70.656886 5.329942
70.690230 4.946123
70.723575 5.440672
70.756919 5.402446
70.790263 5.629635
70.823608 5.303303
70.856952 5.842140
70.890297 6.044922
70.923641 5.134320
70.956986 5.203122
70.990330 5.122830
71.023675 5.813231
71.057019 4.799741
71.090363 5.091482
71.123708 4.411329
71.157052 4.879198
71.190397 5.590635
71.223741 6.288283
71.257086 4.274507
71.290430 6.132019
71.323775 4.076372
71.357119 4.310511
71.390463 4.922185
71.423808 4.902132
71.457152 3.879926
71.490497 5.223309
71.523841 5.309856
71.557186 5.373838
71.590530 5.181987
71.623875 4.671956
71.657219 4.297249
71.690564 3.671773
71.723908 4.179970
71.757252 4.358544
71.790597 3.888635
71.823941 4.426410
71.857286 4.373486
71.890630 3.768030
71.923975 4.627567
71.957319 3.610917
71.990664 4.141342
72.024008 3.396606
72.057352 4.072885
72.090697 4.441921
72.124041 4.254148
72.157386 3.070442
72.190730 4.227034
72.224075 4.088610
72.257419 3.757257
72.290764 3.534052
72.324108 4.131091
72.357452 3.997457
72.390797 4.023701
72.424141 3.632571
72.457486 3.505852
72.490830 3.532022
72.524175 3.641241
72.557519 4.014435
72.590864 3.744546
72.624208 3.867784
72.657553 3.782142
72.690897 3.653488
72.724241 1.811095
72.757586 4.192347
72.790930 3.642589
72.824275 3.114023
72.857619 2.672587
72.890964 3.919155
72.924308 2.932535
72.957653 3.287062
72.990997 3.395631
73.024341 3.143194
73.057686 3.048641
73.091030 2.565510
73.124375 3.494538
73.157719 2.824438
73.191064 2.771583
73.224408 2.698254
73.257753 3.053020
73.291097 2.282350
73.324441 2.592337
73.357786 2.149240
73.391130 1.696470
73.424475 1.610668
73.457819 1.703428
73.491164 1.734982
73.524508 2.453734
73.557853 2.197135
73.591197 1.378888
73.624542 1.512080
73.657886 2.416288
73.691230 2.224550
73.724575 2.614460
73.757919 2.558636
73.791264 2.464479
73.824608 1.901405
73.857953 2.003990
73.891297 1.673857
73.924642 1.832350
73.957986 1.887317
73.991330 2.049187
74.024675 2.350706
74.058019 1.654417
74.091364 1.318125
74.124708 1.453271
74.158053 1.963838
74.191397 1.667959
74.224742 1.972012
74.258086 1.330477
74.291430 2.358596
74.324775 1.537911
74.358119 1.718511
74.391464 0.651291
74.424808 1.074181
74.458153 1.177572
74.491497 1.128803
74.524842 1.354885
74.558186 1.315084
74.591531 0.177885
74.624875 0.830908
74.658219 1.304369
74.691564 0.840288
74.724908 0.662096
74.758253 1.789930
74.791597 1.317094
74.824942 0.827615
74.858286 0.342409
74.891631 -0.028740
74.924975 0.206233
74.958319 0.409192
74.991664 1.254012
75.025008 0.540770
75.058353 1.119588
75.091697 0.896718
75.125042 0.816014
75.158386 0.761748
75.191731 0.499385
75.225075 0.410888
75.258419 0.037879
75.291764 -0.334269
75.325108 0.596242
75.358453 0.521521
75.391797 0.487484
75.425142 1.142190
75.458486 -0.227149
75.491831 1.001449
75.525175 0.534168
75.558520 0.078973
75.591864 -0.577914
75.625208 -0.631331
75.658553 -0.327955
75.691897 -0.702185
75.725242 -0.425965
75.758586 -0.264210
75.791931 -0.570352
75.825275 -1.100923
75.858620 -1.484102
75.891964 -0.409269
75.925308 -1.444998
75.958653 -0.032412
75.991997 -1.222646
76.025342 -0.968611
76.058686 -0.875007
76.092031 -1.158842
76.125375 -1.284037
76.158720 -0.572421
76.192064 -0.373042
76.225408 -1.398027
76.258753 -0.368718
76.292097 -1.022761
76.325442 -0.802785
76.358786 -0.949414
76.392131 -0.586126
76.425475 -2.187672
76.458820 -1.878115
76.492164 -1.947569
76.525509 -2.269638
76.558853 -1.528077
76.592197 -1.859494
76.625542 -1.884472
76.658886 -1.360587
76.692231 -2.034933
76.725575 -2.178040
76.758920 -1.394549
76.792264 -1.379248
76.825609 -2.215875
76.858953 -2.562901
76.892297 -0.776055
76.925642 -1.744762
76.958986 -1.118607
76.992331 -1.601114
77.025675 -2.314172
77.059020 -2.409088
77.092364 -1.805537
77.125709 -1.531157
77.159053 -1.755454
77.192397 -2.933778
77.225742 -1.972180
77.259086 -2.877504
77.292431 -2.011448
77.325775 -2.722912
77.359120 -1.772876
77.392464 -2.583284
77.425809 -2.949072
77.459153 -3.077600
77.492497 -2.245623
77.525842 -2.523260
77.559186 -2.584139
77.592531 -2.634990
77.625875 -2.865226
77.659220 -2.814223
77.692564 -3.053247
77.725909 -3.428706
77.759253 -2.930564
77.792598 -2.776439
77.825942 -3.003178
77.859286 -3.024793
77.892631 -3.442418
77.925975 -2.968992
77.959320 -4.033914
77.992664 -3.495625
78.026009 -2.982033
78.059353 -3.557929
78.092698 -3.173482
78.126042 -4.409256
78.159386 -2.680123
78.192731 -3.841797
78.226075 -3.345383
78.259420 -4.296546
78.292764 -3.213778
78.326109 -2.824804
78.359453 -4.768122
78.392798 -3.777521
78.426142 -3.670168
78.459486 -3.579376
78.492831 -3.688055
78.526175 -3.604420
78.559520 -4.306628
78.592864 -3.342228
78.626209 -3.806835
78.659553 -5.023385
78.692898 -4.220629
78.726242 -3.843371
78.759587 -3.713615
78.792931 -3.930153
78.826275 -4.262880
78.859620 -4.520334
78.892964 -4.353523
78.926309 -4.215890
78.959653 -4.556108
78.992998 -5.032229
79.026342 -4.107957
79.059687 -4.052380
79.093031 -4.395566
79.126375 -4.129943
79.159720 -4.165336
79.193064 -4.409134
79.226409 -5.252305
79.259753 -4.890186
79.293098 -4.027018
79.326442 -5.336766
79.359787 -4.651139
79.393131 -5.028048
79.426475 -4.956682
79.459820 -4.980786
79.493164 -3.971420
79.526509 -4.033072
79.559853 -4.968502
79.593198 -5.105338
79.626542 -5.131921
79.659887 -3.994214
79.693231 -5.915250
79.726576 -4.360886
79.759920 -4.933142
79.793264 -3.339664
79.826609 -5.689504
79.859953 -5.230602
79.893298 -5.482478
79.926642 -4.567939
79.959987 -4.955716
79.993331 -5.649362
80.026676 -5.108676
80.060020 -5.123052
80.093364 -5.730036
80.126709 -5.115792
80.160053 -4.839444
80.193398 -5.545027
80.226742 -5.972236
80.260087 -5.570628
80.293431 -6.066100
80.326776 -6.141653
80.360120 -5.690662
80.393464 -6.375015
80.426809 -5.487599
80.460153 -5.478208
80.493498 -6.463112
80.526842 -5.200288
80.560187 -5.364735
80.593531 -6.287019
80.626876 -6.560597
80.660220 -5.605951
80.693565 -6.656724
80.726909 -6.106267
80.760253 -5.233503
80.793598 -5.988886
80.826942 -6.568928
80.860287 -6.917823
80.893631 -5.376412
80.926976 -6.108989
80.960320 -6.416997
80.993665 -6.486052
81.027009 -6.190609
81.060353 -6.425542
81.093698 -6.386080
81.127042 -6.283398
81.160387 -5.572623
81.193731 -5.970689
81.227076 -6.504174
81.260420 -6.744237
81.293765 -7.371720
81.327109 -6.541702
81.360453 -6.560595
81.393798 -6.891063
81.427142 -6.634623
81.460487 -6.420907
81.493831 -6.931440
81.527176 -7.629452
81.560520 -7.043377
81.593865 -7.619158
81.627209 -7.704545
81.660554 -7.028261
81.693898 -6.859177
81.727242 -7.447108
81.760587 -6.995051
81.793931 -8.227742
81.827276 -7.365180
81.860620 -7.584307
81.893965 -7.538257
81.927309 -7.128321
81.960654 -6.293080
81.993998 -6.844687
82.027342 -7.752081
82.060687 -7.197152
82.094031 -7.944257
82.127376 -7.131389
82.160720 -7.096754
82.194065 -7.036944
82.227409 -7.071380
82.260754 -7.189699
82.294098 -7.742133
82.327442 -7.974852
82.360787 -7.985015
82.394131 -7.586090
82.427476 -7.854675
82.460820 -7.512319
82.494165 -7.907544
82.527509 -7.698661
82.560854 -7.256697
82.594198 -7.895866
82.627543 -7.687905
82.660887 -8.042137
82.694231 -7.727327
82.727576 -8.750519
82.760920 -8.215966
82.794265 -8.049161
82.827609 -7.472706
82.860954 -8.967196
82.894298 -7.834732
82.927643 -7.983348
82.960987 -7.790422
82.994331 -7.680043
83.027676 -7.378741
83.061020 -8.383412
83.094365 -8.122023
83.127709 -8.590909
83.161054 -7.576602
83.194398 -8.883391
83.227743 -8.207971
83.261087 -8.386079
83.294431 -8.344673
83.327776 -8.684836
83.361120 -8.141332
83.394465 -8.186760
83.427809 -8.448803
83.461154 -7.970742
83.494498 -8.254184
83.527843 -8.448091
83.561187 -8.890111
83.594532 -8.772530
83.627876 -8.166282
83.661220 -8.714343
83.694565 -7.943517
83.727909 -8.637167
83.761254 -8.718739
83.794598 -8.221902
83.827943 -9.056215
83.861287 -8.738087
83.894632 -8.432473
83.927976 -8.592893
83.961320 -9.337188
83.994665 -8.012656
84.028009 -8.393262
84.061354 -8.925546
84.094698 -9.102639
84.128043 -8.515712
84.161387 -8.175170
84.194732 -8.704008
84.228076 -8.477343
84.261420 -7.932678
84.294765 -9.104179
84.328109 -9.301262
84.361454 -8.541570
84.394798 -9.041410
84.428143 -8.564762
84.461487 -8.945920
84.494832 -9.390642
84.528176 -8.684117
84.561521 -9.083659
84.594865 -8.142192
84.628209 -9.639426
84.661554 -8.915704
84.694898 -9.840244
84.728243 -9.744798
84.761587 -9.257023
84.794932 -9.165537
84.828276 -8.989402
84.861621 -9.167693
84.894965 -9.608835
84.928309 -9.561780
84.961654 -8.653233
84.994998 -8.954950
85.028343 -8.574017
85.061687 -9.115162
85.095032 -10.259970
85.128376 -9.285510
85.161721 -9.071751
85.195065 -9.194847
85.228409 -9.028055
85.261754 -10.043532
85.295098 -10.231437
85.328443 -8.926510
85.361787 -9.928990
85.395132 -9.657376
85.428476 -8.871658
85.461821 -9.644893
85.495165 -10.265314
85.528510 -9.379407
85.561854 -9.693971
85.595198 -10.143596
85.628543 -9.627366
85.661887 -11.129632
85.695232 -10.089020
85.728576 -9.621378
85.761921 -10.053593
85.795265 -9.479356
85.828610 -9.911482
85.861954 -10.153172
85.895298 -8.941315
85.928643 -9.623154
85.961987 -9.992610
85.995332 -10.185552
86.028676 -9.965134
86.062021 -9.773952
86.095365 -9.582491
86.128710 -9.216112
86.162054 -9.275542
86.195398 -10.523617
86.228743 -9.303318
86.262087 -10.081631
86.295432 -9.682331
86.328776 -9.563993
86.362121 -8.837893
86.395465 -9.697031
86.428810 -10.051855
86.462154 -9.959693
86.495498 -10.267922
86.528843 -9.759306
86.562187 -10.036727
86.595532 -9.705235
86.628876 -9.892754
86.662221 -10.292842
86.695565 -9.683716
86.728910 -10.044293
86.762254 -9.710361
86.795599 -10.400083
86.828943 -10.620455
86.862287 -10.170350
86.895632 -9.893498
86.928976 -10.955788
86.962321 -9.584208
86.995665 -9.795664
87.029010 -9.801450
87.062354 -10.063429
87.095699 -10.603129
87.129043 -9.715667
87.162387 -10.455793
87.195732 -10.172333
87.229076 -10.351973
87.262421 -10.420615
87.295765 -10.709823
87.329110 -10.221672
87.362454 -9.394480
87.395799 -9.635712
87.429143 -10.372600
87.462487 -9.875529
87.495832 -10.546653
87.529176 -9.483471
87.562521 -10.811465
87.595865 -9.857526
87.629210 -10.157331
87.662554 -9.478769
87.695899 -10.005946
87.729243 -9.399617
87.762588 -9.217483
87.795932 -9.841333
87.829276 -9.385010
87.862621 -9.716621
87.895965 -9.808182
87.929310 -8.898670
87.962654 -9.246016
87.995999 -9.239303
88.029343 -9.539288
88.062688 -9.930982
88.096032 -9.670081
88.129376 -8.460974
88.162721 -10.471786
88.196065 -9.674169
88.229410 -10.470941
88.262754 -9.879769
88.296099 -9.819168
88.329443 -10.063134
88.362788 -9.187611
88.396132 -9.388618
88.429476 -9.373150
88.462821 -10.094543
88.496165 -9.631983
88.529510 -9.349054
88.562854 -10.250004
88.596199 -9.885106
88.629543 -10.480350
88.662888 -9.747111
88.696232 -10.608344
88.729577 -9.983410
88.762921 -9.699523
88.796265 -10.633950
88.829610 -10.127960
88.862954 -9.087383
88.896299 -9.960263
88.929643 -10.586437
88.962988 -9.438063
88.996332 -9.728405
89.029677 -9.974579
89.063021 -10.137581
89.096365 -9.539166
89.129710 -10.162998
89.163054 -9.992918
89.196399 -9.832000
89.229743 -9.747418
89.263088 -9.332917
89.296432 -9.971744
89.329777 -10.408702
89.363121 -9.220737
89.396465 -9.605017
89.429810 -8.618497
89.463154 -9.304465
89.496499 -10.561790
89.529843 -9.839046
89.563188 -9.892912
89.596532 -9.276484
89.629877 -10.050361
89.663221 -9.377247
89.696566 -9.474431
89.729910 -10.205339
89.763254 -9.498629
89.796599 -9.205218
89.829943 -8.810653
89.863288 -10.824353
89.896632 -9.447259
89.929977 -9.530181
89.963321 -10.111034
89.996666 -9.556271
90.030010 -9.439261
90.063354 -9.572336
90.096699 -9.018478
90.130043 -10.210733
90.163388 -10.414933
90.196732 -9.655189
90.230077 -10.080950
90.263421 -9.795169
90.296766 -9.715469
90.330110 -10.012187
90.363454 -9.399914
90.396799 -9.093346
90.430143 -9.367533
90.463488 -9.633369
90.496832 -8.562329
90.530177 -8.824089
90.563521 -10.033613
90.596866 -9.138650
90.630210 -10.263065
90.663555 -10.087262
90.696899 -9.014150
90.730243 -9.735630
90.763588 -9.353926
90.796932 -9.647560
90.830277 -9.849428
90.863621 -9.309997
90.896966 -9.751666
90.930310 -9.573617
90.963655 -8.831938
90.996999 -8.633521
91.030343 -8.808488
91.063688 -8.918793
91.097032 -9.750541
91.130377 -8.862852
91.163721 -8.404966
91.197066 -9.613825
91.230410 -9.446087
91.263755 -8.821505
91.297099 -9.662793
91.330443 -8.422788
91.363788 -9.273513
91.397132 -9.356106
91.430477 -8.824019
91.463821 -8.772927
91.497166 -8.342925
91.530510 -9.646567
91.563855 -8.342776
91.597199 -9.106384
91.630544 -9.095704
91.663888 -8.422568
91.697232 -8.831526
91.730577 -8.850502
91.763921 -8.317647
91.797266 -9.019150
91.830610 -9.067563
91.863955 -8.961756
91.897299 -8.332617
91.930644 -8.941571
91.963988 -8.831244
91.997332 -9.014206
92.030677 -8.689015
92.064021 -9.213933
92.097366 -8.366594
92.130710 -8.719562
92.164055 -8.862437
92.197399 -8.762477
92.230744 -8.518596
92.264088 -8.260356
92.297432 -8.854220
92.330777 -8.331098
92.364121 -8.021836
92.397466 -8.381639
92.430810 -7.733715
92.464155 -8.274805
92.497499 -7.477020
92.530844 -8.267289
92.564188 -8.117767
92.597533 -8.277988
92.630877 -8.511872
92.664221 -8.269902
92.697566 -8.170202
92.730910 -7.412547
92.764255 -8.045578
92.797599 -8.928933
92.830944 -8.389976
92.864288 -8.554420
92.897633 -7.986691
92.930977 -7.662281
92.964321 -7.841439
92.997666 -8.405927
93.031010 -8.669707
93.064355 -7.216494
93.097699 -8.091906
93.131044 -7.683692
93.164388 -7.896342
93.197733 -8.771361
93.231077 -8.756666
93.264421 -8.563694
93.297766 -8.152651
93.331110 -6.913719
93.364455 -7.096296
93.397799 -7.816884
93.431144 -7.414557
93.464488 -7.932015
93.497833 -8.185146
93.531177 -7.434802
93.564522 -8.582540
93.597866 -8.195538
93.631210 -7.346811
93.664555 -7.709712
93.697899 -7.428421
93.731244 -7.224456
93.764588 -7.983552
93.797933 -8.476653
93.831277 -6.402996
93.864622 -7.127288
93.897966 -7.614231
93.931310 -7.347070
93.964655 -7.282900
93.997999 -7.216369
94.031344 -7.739105
94.064688 -7.881119
94.098033 -6.803119
94.131377 -7.098158
94.164722 -7.060786
94.198066 -7.251473
94.231410 -6.729687
94.264755 -6.320885
94.298099 -6.762852
94.331444 -7.066413
94.364788 -6.769547
94.398133 -6.628554
94.431477 -7.713092
94.464822 -7.826681
94.498166 -7.166229
94.531511 -7.338902
94.564855 -6.653563
94.598199 -7.291958
94.631544 -7.556358
94.664888 -7.489308
94.698233 -6.692969
94.731577 -6.554997
94.764922 -5.686919
94.798266 -6.440001
94.831611 -6.822475
94.864955 -6.481748
94.898299 -6.269999
94.931644 -6.169069
94.964988 -6.444209
94.998333 -5.625862
95.031677 -6.206233
95.065022 -5.459601
95.098366 -6.303754
95.131711 -5.933514
95.165055 -5.933330
95.198399 -6.034638
95.231744 -6.420451
95.265088 -6.037073
95.298433 -5.999050
95.331777 -5.103263
95.365122 -5.887664
95.398466 -5.770783
95.431811 -4.836018
95.465155 -6.364776
95.498499 -5.905170
95.531844 -5.318632
95.565188 -6.409905
95.598533 -6.196449
95.631877 -6.480469
95.665222 -5.646658
95.698566 -5.987392
95.731911 -6.190163
95.765255 -5.725515
95.798600 -5.803079
95.831944 -4.537256
95.865288 -5.739571
95.898633 -5.236940
95.931977 -5.289870
95.965322 -5.119322
95.998666 -5.596413
96.032011 -4.711258
96.065355 -5.853015
96.098700 -4.876637
96.132044 -5.930366
96.165388 -5.099489
96.198733 -5.661803
96.232077 -5.241869
96.265422 -4.895727
96.298766 -5.344243
96.332111 -4.105961
96.365455 -4.451695
96.398800 -5.027662
96.432144 -6.151324
96.465488 -4.610974
96.498833 -5.393020
96.532177 -4.401737
96.565522 -5.304865
96.598866 -5.218060
96.632211 -5.022067
96.665555 -4.852361
96.698900 -4.350714
96.732244 -5.112072
96.765589 -5.120987
96.798933 -4.617221
96.832277 -4.405101
96.865622 -3.815743
96.898966 -4.831656
96.932311 -4.291895
96.965655 -4.251592
96.999000 -4.098292
97.032344 -4.431121
97.065689 -4.107542
97.099033 -4.464835
97.132377 -4.316940
97.165722 -3.734090
97.199066 -3.958208
97.232411 -3.274808
97.265755 -3.437909
97.299100 -3.854691
97.332444 -3.645795
97.365789 -3.962620
97.399133 -3.451469
97.432477 -3.154781
97.465822 -3.975297
97.499166 -3.668729
97.532511 -3.627467
97.565855 -4.104711
97.599200 -3.423805
97.632544 -3.800149
97.665889 -3.388563
97.699233 -3.066993
97.732578 -3.978774
97.765922 -2.905713
97.799266 -3.228556
97.832611 -3.728549
97.865955 -3.909791
97.899300 -3.314301
97.932644 -3.064816
97.965989 -3.380070
97.999333 -3.609283
98.032678 -3.562816
98.066022 -3.194205
98.099366 -3.450321
98.132711 -3.082557
98.166055 -2.342786
98.199400 -2.932998
98.232744 -4.217148
98.266089 -3.281700
98.299433 -4.008936
98.332778 -2.750618
98.366122 -3.563145
98.399466 -3.250880
98.432811 -3.098180
98.466155 -1.786006
98.499500 -2.723164
98.532844 -2.726653
98.566189 -2.060187
98.599533 -1.849491
98.632878 -2.486815
98.666222 -2.690255
98.699567 -3.076901
98.732911 -2.499990
98.766255 -2.143065
98.799600 -1.273853
98.832944 -1.171370
98.866289 -1.847238
98.899633 -2.472362
98.932978 -1.835866
98.966322 -1.570863
98.999667 -1.845872
99.033011 -2.045223
99.066355 -1.649265
99.099700 -1.741828
99.133044 -2.186355
99.166389 -1.128059
99.199733 -1.251289
99.233078 -0.832997
99.266422 -1.152804
99.299767 -1.094109
99.333111 -1.680045
99.366455 -0.429112
99.399800 -0.368274
99.433144 -0.667984
99.466489 -0.627116
99.499833 -1.858528
99.533178 -1.347667
99.566522 -2.499003
99.599867 -1.775896
99.633211 -1.057953
99.666556 -0.589030
99.699900 -0.643389
99.733244 -0.888676
99.766589 -0.983131
99.799933 -0.972571
99.833278 0.060255
99.866622 -0.380114
99.899967 -0.203508
99.933311 -0.264899
99.966656 -1.231012
100.000000 -0.207376
