50
0.000000 0.595072
2.040816 2.964364
4.081633 6.090968
6.122449 6.863537
8.163265 8.068491
10.204082 9.608007
12.244898 9.106857
14.285714 8.681593
16.326531 9.924630
18.367347 7.430781
20.408163 5.747579
22.448980 3.123052
24.489796 1.073347
26.530612 -1.445672
28.571429 -5.446381
30.612245 -6.031576
32.653061 -7.736903
34.693878 -9.195568
36.734694 -10.571087
38.775510 -9.967609
40.816327 -9.179445
42.857143 -8.777758
44.897959 -5.546366
46.938776 -4.158141
48.979592 -2.214073
51.020408 0.019638
53.061224 3.627933
55.102041 5.551539
57.142857 7.997648
59.183673 9.543547
61.224490 10.194938
63.265306 9.706594
65.306122 9.997648
67.346939 8.178950
69.387755 6.913184
71.428571 4.792222
73.469388 2.886831
75.510204 -0.467077
77.551020 -2.862742
79.591837 -5.578342
81.632653 -6.573515
83.673469 -8.508934
85.714286 -9.419652
87.755102 -10.419627
89.795918 -9.180251
91.836735 -9.400300
93.877551 -7.605768
95.918367 -4.715363
97.959184 -3.925217
100.000000 -1.150997
